0 PCB traces from Wire_Sections
* Trace width = 0.35 mm
* Conductor 1 corresponds to Section-1
* Conductor 2 corresponds to Section-2
* Conductor 3 corresponds to Section-3
* Conductor 4 corresponds to Section-4
Q 1  2.42003239e-02 -1.06429811e-05 0.00000000e+00  2.40103258e-02 3.10766771e-03 0.00000000e+00  2.43596780e-02 3.12895367e-03 0.00000000e+00  2.45496761e-02 1.06429811e-05 0.00000000e+00
Q 1  2.40131210e-02 3.08541777e-03 0.00000000e+00  2.34256721e-02 6.15511419e-03 0.00000000e+00  2.37694339e-02 6.22090003e-03 0.00000000e+00  2.43568828e-02 3.15120361e-03 0.00000000e+00
Q 1  2.34312895e-02 6.13340437e-03 0.00000000e+00  2.24557075e-02 9.10401827e-03 0.00000000e+00  2.27882344e-02 9.21322375e-03 0.00000000e+00  2.37638165e-02 6.24260985e-03 0.00000000e+00
Q 1  2.24640551e-02 9.08320504e-03 0.00000000e+00  2.11160415e-02 1.19058537e-02 0.00000000e+00  2.14318733e-02 1.20566856e-02 0.00000000e+00  2.27798869e-02 9.23403698e-03 0.00000000e+00
Q 1  2.11269821e-02 1.18862788e-02 0.00000000e+00  1.94283702e-02 1.45144692e-02 0.00000000e+00  1.97223208e-02 1.47044509e-02 0.00000000e+00  2.14209327e-02 1.20762605e-02 0.00000000e+00
Q 1  1.94417242e-02 1.44964541e-02 0.00000000e+00  1.74201247e-02 1.68868490e-02 0.00000000e+00  1.76873673e-02 1.71128609e-02 0.00000000e+00  1.97089668e-02 1.47224660e-02 0.00000000e+00
Q 1  1.74356727e-02 1.68706895e-02 0.00000000e+00  1.51240257e-02 1.89838221e-02 0.00000000e+00  1.53601722e-02 1.92421529e-02 0.00000000e+00  1.76718192e-02 1.71290204e-02 0.00000000e+00
Q 1  1.51415125e-02 1.89697835e-02 0.00000000e+00  1.25775502e-02 2.07707084e-02 0.00000000e+00  1.27787230e-02 2.10571164e-02 0.00000000e+00  1.53426853e-02 1.92561915e-02 0.00000000e+00
Q 1  1.25966888e-02 2.07590213e-02 0.00000000e+00  9.82232015e-03 2.22178933e-02 0.00000000e+00  9.98521579e-03 2.25276755e-02 0.00000000e+00  1.27595844e-02 2.10688035e-02 0.00000000e+00
Q 1  9.84279609e-03 2.22087495e-02 0.00000000e+00  6.90342147e-03 2.33013173e-02 0.00000000e+00  7.02536523e-03 2.36293870e-02 0.00000000e+00  9.96473985e-03 2.25368192e-02 0.00000000e+00
Q 1  6.92489859e-03 2.32948671e-02 0.00000000e+00  3.86866696e-03 2.40028770e-02 0.00000000e+00  3.94765648e-03 2.43438472e-02 0.00000000e+00  7.00388811e-03 2.36358373e-02 0.00000000e+00
Q 1  3.89079260e-03 2.39992262e-02 0.00000000e+00  7.67812767e-04 2.43107267e-02 0.00000000e+00  8.02551013e-04 2.46589985e-02 0.00000000e+00  3.92553084e-03 2.43474980e-02 0.00000000e+00
Q 1  7.90223609e-04 2.43099352e-02 0.00000000e+00  -2.34825728e-03 2.42194786e-02 0.00000000e+00  -2.35834072e-03 2.45693333e-02 0.00000000e+00  7.80140171e-04 2.46597899e-02 0.00000000e+00
Q 1  -2.32592923e-03 2.42215595e-02 0.00000000e+00  -5.42836670e-03 2.37302968e-02 0.00000000e+00  -5.48310624e-03 2.40759897e-02 0.00000000e+00  -2.38066877e-03 2.45672524e-02 0.00000000e+00
Q 1  -5.40648806e-03 2.37352159e-02 0.00000000e+00  -8.42188679e-03 2.28508836e-02 0.00000000e+00  -8.52038361e-03 2.31867383e-02 0.00000000e+00  -5.50498488e-03 2.40710706e-02 0.00000000e+00
Q 1  -8.40081683e-03 2.28585601e-02 0.00000000e+00  -1.12795689e-02 2.15953582e-02 0.00000000e+00  -1.14202056e-02 2.19158598e-02 0.00000000e+00  -8.54145357e-03 2.31790617e-02 0.00000000e+00
Q 1  -1.12596536e-02 2.16056661e-02 0.00000000e+00  -1.39543546e-02 1.99840305e-02 0.00000000e+00  -1.41348220e-02 2.02839164e-02 0.00000000e+00  -1.14401210e-02 2.19055519e-02 0.00000000e+00
Q 1  -1.39359210e-02 1.99968005e-02 0.00000000e+00  -1.64021507e-02 1.80430727e-02 0.00000000e+00  -1.66194854e-02 1.83174185e-02 0.00000000e+00  -1.41532556e-02 2.02711464e-02 0.00000000e+00
Q 1  -1.63855014e-02 1.80580951e-02 0.00000000e+00  -1.85825559e-02 1.58040936e-02 0.00000000e+00  -1.88331891e-02 1.60483946e-02 0.00000000e+00  -1.66361347e-02 1.83023961e-02 0.00000000e+00
Q 1  -1.85679643e-02 1.58211217e-02 0.00000000e+00  -2.04595278e-02 1.33036245e-02 0.00000000e+00  -2.07393441e-02 1.35138692e-02 0.00000000e+00  -1.88477807e-02 1.60313664e-02 0.00000000e+00
Q 1  -2.04472336e-02 1.33223789e-02 0.00000000e+00  -2.20019785e-02 1.05825232e-02 0.00000000e+00  -2.23063833e-02 1.07552592e-02 0.00000000e+00  -2.07516383e-02 1.34951149e-02 0.00000000e+00
Q 1  -2.19921835e-02 1.06026957e-02 0.00000000e+00  -2.31842898e-02 7.68530588e-03 0.00000000e+00  -2.35082846e-02 7.81769690e-03 0.00000000e+00  -2.23161783e-02 1.07350867e-02 0.00000000e+00
Q 1  -2.31771548e-02 7.70656534e-03 0.00000000e+00  -2.39867380e-02 4.65941928e-03 0.00000000e+00  -2.43250027e-02 4.74929138e-03 0.00000000e+00  -2.35154195e-02 7.79643744e-03 0.00000000e+00
Q 1  -2.39823803e-02 4.68141660e-03 0.00000000e+00  -2.43958236e-02 1.55446355e-03 0.00000000e+00  -2.47428038e-02 1.60034101e-03 0.00000000e+00  -2.43293605e-02 4.72729406e-03 0.00000000e+00
Q 1  -2.43943147e-02 1.57683753e-03 0.00000000e+00  -2.44044978e-02 -1.57862081e-03 0.00000000e+00  -2.47544959e-02 -1.57749131e-03 0.00000000e+00  -2.47443128e-02 1.57796703e-03 0.00000000e+00
Q 1  -2.44058623e-02 -1.55623755e-03 0.00000000e+00  -2.40122836e-02 -4.68838862e-03 0.00000000e+00  -2.43595526e-02 -4.73202564e-03 0.00000000e+00  -2.47531314e-02 -1.59987457e-03 0.00000000e+00
Q 1  -2.40164993e-02 -4.66636363e-03 0.00000000e+00  -2.32252895e-02 -7.72373484e-03 0.00000000e+00  -2.35641272e-02 -7.81142184e-03 0.00000000e+00  -2.43553370e-02 -4.75405063e-03 0.00000000e+00
Q 1  -2.32322871e-02 -7.70242978e-03 0.00000000e+00  -2.20561146e-02 -1.06347344e-02 0.00000000e+00  -2.23809571e-02 -1.07650315e-02 0.00000000e+00  -2.35571296e-02 -7.83272690e-03 0.00000000e+00
Q 1  -2.20657792e-02 -1.06144991e-02 0.00000000e+00  -2.05236466e-02 -1.33734631e-02 0.00000000e+00  -2.08291599e-02 -1.35442309e-02 0.00000000e+00  -2.23712925e-02 -1.07852668e-02 0.00000000e+00
Q 1  -2.05358195e-02 -1.33546299e-02 0.00000000e+00  -1.86527572e-02 -1.58947873e-02 0.00000000e+00  -1.89339247e-02 -1.61032215e-02 0.00000000e+00  -2.08169870e-02 -1.35630641e-02 0.00000000e+00
Q 1  -1.86672385e-02 -1.58776653e-02 0.00000000e+00  -1.64738984e-02 -1.81571066e-02 0.00000000e+00  -1.67261032e-02 -1.83997849e-02 0.00000000e+00  -1.89194433e-02 -1.61203435e-02 0.00000000e+00
Q 1  -1.64904504e-02 -1.81419770e-02 0.00000000e+00  -1.40226068e-02 -2.01230413e-02 0.00000000e+00  -1.42417076e-02 -2.03959788e-02 0.00000000e+00  -1.67095512e-02 -1.84149145e-02 0.00000000e+00
Q 1  -1.40409576e-02 -2.01101526e-02 0.00000000e+00  -1.13389239e-02 -2.17600494e-02 0.00000000e+00  -1.15213231e-02 -2.20587643e-02 0.00000000e+00  -1.42233568e-02 -2.04088675e-02 0.00000000e+00
Q 1  -1.13587723e-02 -2.17496132e-02 0.00000000e+00  -8.46674252e-03 -2.30409652e-02 0.00000000e+00  -8.60944494e-03 -2.33605525e-02 0.00000000e+00  -1.15014747e-02 -2.20692005e-02 0.00000000e+00
Q 1  -8.48776249e-03 -2.30331529e-02 0.00000000e+00  -5.45308829e-03 -2.39444504e-02 0.00000000e+00  -5.55375077e-03 -2.42796624e-02 0.00000000e+00  -8.58842497e-03 -2.33683649e-02 0.00000000e+00
Q 1  -5.47493471e-03 -2.39393902e-02 0.00000000e+00  -2.34735020e-03 -2.44553492e-02 0.00000000e+00  -2.40431984e-03 -2.48006815e-02 0.00000000e+00  -5.53190435e-03 -2.42847226e-02 0.00000000e+00
Q 1  -2.36966436e-03 -2.44531242e-02 0.00000000e+00  7.99528971e-04 -2.45649424e-02 0.00000000e+00  7.87187649e-04 -2.49147247e-02 0.00000000e+00  -2.38200568e-03 -2.48029065e-02 0.00000000e+00
Q 1  7.77113492e-04 -2.45655892e-02 0.00000000e+00  3.93588830e-03 -2.42710964e-02 0.00000000e+00  3.96837794e-03 -2.46195851e-02 0.00000000e+00  8.09603128e-04 -2.49140779e-02 0.00000000e+00
Q 1  3.91373957e-03 -2.42746043e-02 0.00000000e+00  7.01019674e-03 -2.35783031e-02 0.00000000e+00  7.08698384e-03 -2.39197760e-02 0.00000000e+00  3.99052667e-03 -2.46160772e-02 0.00000000e+00
Q 1  6.98867844e-03 -2.35846146e-02 0.00000000e+00  9.97189983e-03 -2.24976124e-02 0.00000000e+00  1.00917235e-02 -2.28264623e-02 0.00000000e+00  7.10850214e-03 -2.39134646e-02 0.00000000e+00
Q 1  9.95136530e-03 -2.25066238e-02 0.00000000e+00  1.27722510e-02 -2.10464551e-02 0.00000000e+00  1.29331438e-02 -2.13572822e-02 0.00000000e+00  1.01122581e-02 -2.28174509e-02 0.00000000e+00
Q 1  1.27530374e-02 -2.10580184e-02 0.00000000e+00  1.53651139e-02 -1.92483628e-02 0.00000000e+00  1.55644338e-02 -1.95360633e-02 0.00000000e+00  1.29523573e-02 -2.13457189e-02 0.00000000e+00
Q 1  1.53475368e-02 -1.92622882e-02 0.00000000e+00  1.77077224e-02 -1.71325858e-02 0.00000000e+00  1.79421966e-02 -1.73924355e-02 0.00000000e+00  1.55820109e-02 -1.95221379e-02 0.00000000e+00
Q 1  1.76920704e-02 -1.71486446e-02 0.00000000e+00  1.97613863e-02 -1.47336175e-02 0.00000000e+00  2.00271645e-02 -1.49613497e-02 0.00000000e+00  1.79578486e-02 -1.73763767e-02 0.00000000e+00
Q 1  1.97479163e-02 -1.47515461e-02 0.00000000e+00  2.14921296e-02 -1.20906323e-02 0.00000000e+00  2.17848478e-02 -1.22825074e-02 0.00000000e+00  2.00406345e-02 -1.49434211e-02 0.00000000e+00
Q 1  2.14810629e-02 -1.21101361e-02 0.00000000e+00  2.28712535e-02 -9.24684528e-03 0.00000000e+00  2.31861052e-02 -9.39971268e-03 0.00000000e+00  2.17959146e-02 -1.22630035e-02 0.00000000e+00
Q 1  2.28627718e-02 -9.26760419e-03 0.00000000e+00  2.38758115e-02 -6.24880636e-03 0.00000000e+00  2.42076266e-02 -6.36015594e-03 0.00000000e+00  2.31945869e-02 -9.37895377e-03 0.00000000e+00
Q 1  2.38700540e-02 -6.27047946e-03 0.00000000e+00  2.44889913e-02 -3.14563784e-03 0.00000000e+00  2.48323213e-02 -3.21364122e-03 0.00000000e+00  2.42133840e-02 -6.33848284e-03 0.00000000e+00
Q 1  2.44860526e-02 -3.16786926e-03 0.00000000e+00  2.47003963e-02 1.17702682e-05 0.00000000e+00  2.50496037e-02 -1.17702682e-05 0.00000000e+00  2.48352600e-02 -3.19140980e-03 0.00000000e+00
Q 2  2.47003963e-02 -1.17702682e-05 1.00000000e-03  2.44860526e-02 3.16786926e-03 1.00000000e-03  2.48352600e-02 3.19140980e-03 1.00000000e-03  2.50496037e-02 1.17702682e-05 1.00000000e-03
Q 2  2.44889913e-02 3.14563784e-03 1.00000000e-03  2.38700540e-02 6.27047946e-03 1.00000000e-03  2.42133840e-02 6.33848284e-03 1.00000000e-03  2.48323213e-02 3.21364122e-03 1.00000000e-03
Q 2  2.38758115e-02 6.24880636e-03 1.00000000e-03  2.28627718e-02 9.26760419e-03 1.00000000e-03  2.31945869e-02 9.37895377e-03 1.00000000e-03  2.42076266e-02 6.36015594e-03 1.00000000e-03
Q 2  2.28712535e-02 9.24684528e-03 1.00000000e-03  2.14810629e-02 1.21101361e-02 1.00000000e-03  2.17959146e-02 1.22630035e-02 1.00000000e-03  2.31861052e-02 9.39971268e-03 1.00000000e-03
Q 2  2.14921296e-02 1.20906323e-02 1.00000000e-03  1.97479163e-02 1.47515461e-02 1.00000000e-03  2.00406345e-02 1.49434211e-02 1.00000000e-03  2.17848478e-02 1.22825074e-02 1.00000000e-03
Q 2  1.97613863e-02 1.47336175e-02 1.00000000e-03  1.76920704e-02 1.71486446e-02 1.00000000e-03  1.79578486e-02 1.73763767e-02 1.00000000e-03  2.00271645e-02 1.49613497e-02 1.00000000e-03
Q 2  1.77077224e-02 1.71325858e-02 1.00000000e-03  1.53475368e-02 1.92622882e-02 1.00000000e-03  1.55820109e-02 1.95221379e-02 1.00000000e-03  1.79421966e-02 1.73924355e-02 1.00000000e-03
Q 2  1.53651139e-02 1.92483628e-02 1.00000000e-03  1.27530374e-02 2.10580184e-02 1.00000000e-03  1.29523573e-02 2.13457189e-02 1.00000000e-03  1.55644338e-02 1.95360633e-02 1.00000000e-03
Q 2  1.27722510e-02 2.10464551e-02 1.00000000e-03  9.95136530e-03 2.25066238e-02 1.00000000e-03  1.01122581e-02 2.28174509e-02 1.00000000e-03  1.29331438e-02 2.13572822e-02 1.00000000e-03
Q 2  9.97189983e-03 2.24976124e-02 1.00000000e-03  6.98867844e-03 2.35846146e-02 1.00000000e-03  7.10850214e-03 2.39134646e-02 1.00000000e-03  1.00917235e-02 2.28264623e-02 1.00000000e-03
Q 2  7.01019674e-03 2.35783031e-02 1.00000000e-03  3.91373957e-03 2.42746043e-02 1.00000000e-03  3.99052667e-03 2.46160772e-02 1.00000000e-03  7.08698384e-03 2.39197760e-02 1.00000000e-03
Q 2  3.93588830e-03 2.42710964e-02 1.00000000e-03  7.77113492e-04 2.45655892e-02 1.00000000e-03  8.09603128e-04 2.49140779e-02 1.00000000e-03  3.96837794e-03 2.46195851e-02 1.00000000e-03
Q 2  7.99528971e-04 2.45649424e-02 1.00000000e-03  -2.36966436e-03 2.44531242e-02 1.00000000e-03  -2.38200568e-03 2.48029065e-02 1.00000000e-03  7.87187649e-04 2.49147247e-02 1.00000000e-03
Q 2  -2.34735020e-03 2.44553492e-02 1.00000000e-03  -5.47493471e-03 2.39393902e-02 1.00000000e-03  -5.53190435e-03 2.42847226e-02 1.00000000e-03  -2.40431984e-03 2.48006815e-02 1.00000000e-03
Q 2  -5.45308829e-03 2.39444504e-02 1.00000000e-03  -8.48776249e-03 2.30331529e-02 1.00000000e-03  -8.58842497e-03 2.33683649e-02 1.00000000e-03  -5.55375077e-03 2.42796624e-02 1.00000000e-03
Q 2  -8.46674252e-03 2.30409652e-02 1.00000000e-03  -1.13587723e-02 2.17496132e-02 1.00000000e-03  -1.15014747e-02 2.20692005e-02 1.00000000e-03  -8.60944494e-03 2.33605525e-02 1.00000000e-03
Q 2  -1.13389239e-02 2.17600494e-02 1.00000000e-03  -1.40409576e-02 2.01101526e-02 1.00000000e-03  -1.42233568e-02 2.04088675e-02 1.00000000e-03  -1.15213231e-02 2.20587643e-02 1.00000000e-03
Q 2  -1.40226068e-02 2.01230413e-02 1.00000000e-03  -1.64904504e-02 1.81419770e-02 1.00000000e-03  -1.67095512e-02 1.84149145e-02 1.00000000e-03  -1.42417076e-02 2.03959788e-02 1.00000000e-03
Q 2  -1.64738984e-02 1.81571066e-02 1.00000000e-03  -1.86672385e-02 1.58776653e-02 1.00000000e-03  -1.89194433e-02 1.61203435e-02 1.00000000e-03  -1.67261032e-02 1.83997849e-02 1.00000000e-03
Q 2  -1.86527572e-02 1.58947873e-02 1.00000000e-03  -2.05358195e-02 1.33546299e-02 1.00000000e-03  -2.08169870e-02 1.35630641e-02 1.00000000e-03  -1.89339247e-02 1.61032215e-02 1.00000000e-03
Q 2  -2.05236466e-02 1.33734631e-02 1.00000000e-03  -2.20657792e-02 1.06144991e-02 1.00000000e-03  -2.23712925e-02 1.07852668e-02 1.00000000e-03  -2.08291599e-02 1.35442309e-02 1.00000000e-03
Q 2  -2.20561146e-02 1.06347344e-02 1.00000000e-03  -2.32322871e-02 7.70242978e-03 1.00000000e-03  -2.35571296e-02 7.83272690e-03 1.00000000e-03  -2.23809571e-02 1.07650315e-02 1.00000000e-03
Q 2  -2.32252895e-02 7.72373484e-03 1.00000000e-03  -2.40164993e-02 4.66636363e-03 1.00000000e-03  -2.43553370e-02 4.75405063e-03 1.00000000e-03  -2.35641272e-02 7.81142184e-03 1.00000000e-03
Q 2  -2.40122836e-02 4.68838862e-03 1.00000000e-03  -2.44058623e-02 1.55623755e-03 1.00000000e-03  -2.47531314e-02 1.59987457e-03 1.00000000e-03  -2.43595526e-02 4.73202564e-03 1.00000000e-03
Q 2  -2.44044978e-02 1.57862081e-03 1.00000000e-03  -2.43943147e-02 -1.57683753e-03 1.00000000e-03  -2.47443128e-02 -1.57796703e-03 1.00000000e-03  -2.47544959e-02 1.57749131e-03 1.00000000e-03
Q 2  -2.43958236e-02 -1.55446355e-03 1.00000000e-03  -2.39823803e-02 -4.68141660e-03 1.00000000e-03  -2.43293605e-02 -4.72729406e-03 1.00000000e-03  -2.47428038e-02 -1.60034101e-03 1.00000000e-03
Q 2  -2.39867380e-02 -4.65941928e-03 1.00000000e-03  -2.31771548e-02 -7.70656534e-03 1.00000000e-03  -2.35154195e-02 -7.79643744e-03 1.00000000e-03  -2.43250027e-02 -4.74929138e-03 1.00000000e-03
Q 2  -2.31842898e-02 -7.68530588e-03 1.00000000e-03  -2.19921835e-02 -1.06026957e-02 1.00000000e-03  -2.23161783e-02 -1.07350867e-02 1.00000000e-03  -2.35082846e-02 -7.81769690e-03 1.00000000e-03
Q 2  -2.20019785e-02 -1.05825232e-02 1.00000000e-03  -2.04472336e-02 -1.33223789e-02 1.00000000e-03  -2.07516383e-02 -1.34951149e-02 1.00000000e-03  -2.23063833e-02 -1.07552592e-02 1.00000000e-03
Q 2  -2.04595278e-02 -1.33036245e-02 1.00000000e-03  -1.85679643e-02 -1.58211217e-02 1.00000000e-03  -1.88477807e-02 -1.60313664e-02 1.00000000e-03  -2.07393441e-02 -1.35138692e-02 1.00000000e-03
Q 2  -1.85825559e-02 -1.58040936e-02 1.00000000e-03  -1.63855014e-02 -1.80580951e-02 1.00000000e-03  -1.66361347e-02 -1.83023961e-02 1.00000000e-03  -1.88331891e-02 -1.60483946e-02 1.00000000e-03
Q 2  -1.64021507e-02 -1.80430727e-02 1.00000000e-03  -1.39359210e-02 -1.99968005e-02 1.00000000e-03  -1.41532556e-02 -2.02711464e-02 1.00000000e-03  -1.66194854e-02 -1.83174185e-02 1.00000000e-03
Q 2  -1.39543546e-02 -1.99840305e-02 1.00000000e-03  -1.12596536e-02 -2.16056661e-02 1.00000000e-03  -1.14401210e-02 -2.19055519e-02 1.00000000e-03  -1.41348220e-02 -2.02839164e-02 1.00000000e-03
Q 2  -1.12795689e-02 -2.15953582e-02 1.00000000e-03  -8.40081683e-03 -2.28585601e-02 1.00000000e-03  -8.54145357e-03 -2.31790617e-02 1.00000000e-03  -1.14202056e-02 -2.19158598e-02 1.00000000e-03
Q 2  -8.42188679e-03 -2.28508836e-02 1.00000000e-03  -5.40648806e-03 -2.37352159e-02 1.00000000e-03  -5.50498488e-03 -2.40710706e-02 1.00000000e-03  -8.52038361e-03 -2.31867383e-02 1.00000000e-03
Q 2  -5.42836670e-03 -2.37302968e-02 1.00000000e-03  -2.32592923e-03 -2.42215595e-02 1.00000000e-03  -2.38066877e-03 -2.45672524e-02 1.00000000e-03  -5.48310624e-03 -2.40759897e-02 1.00000000e-03
Q 2  -2.34825728e-03 -2.42194786e-02 1.00000000e-03  7.90223609e-04 -2.43099352e-02 1.00000000e-03  7.80140171e-04 -2.46597899e-02 1.00000000e-03  -2.35834072e-03 -2.45693333e-02 1.00000000e-03
Q 2  7.67812767e-04 -2.43107267e-02 1.00000000e-03  3.89079260e-03 -2.39992262e-02 1.00000000e-03  3.92553084e-03 -2.43474980e-02 1.00000000e-03  8.02551013e-04 -2.46589985e-02 1.00000000e-03
Q 2  3.86866696e-03 -2.40028770e-02 1.00000000e-03  6.92489859e-03 -2.32948671e-02 1.00000000e-03  7.00388811e-03 -2.36358373e-02 1.00000000e-03  3.94765648e-03 -2.43438472e-02 1.00000000e-03
Q 2  6.90342147e-03 -2.33013173e-02 1.00000000e-03  9.84279609e-03 -2.22087495e-02 1.00000000e-03  9.96473985e-03 -2.25368192e-02 1.00000000e-03  7.02536523e-03 -2.36293870e-02 1.00000000e-03
Q 2  9.82232015e-03 -2.22178933e-02 1.00000000e-03  1.25966888e-02 -2.07590213e-02 1.00000000e-03  1.27595844e-02 -2.10688035e-02 1.00000000e-03  9.98521579e-03 -2.25276755e-02 1.00000000e-03
Q 2  1.25775502e-02 -2.07707084e-02 1.00000000e-03  1.51415125e-02 -1.89697835e-02 1.00000000e-03  1.53426853e-02 -1.92561915e-02 1.00000000e-03  1.27787230e-02 -2.10571164e-02 1.00000000e-03
Q 2  1.51240257e-02 -1.89838221e-02 1.00000000e-03  1.74356727e-02 -1.68706895e-02 1.00000000e-03  1.76718192e-02 -1.71290204e-02 1.00000000e-03  1.53601722e-02 -1.92421529e-02 1.00000000e-03
Q 2  1.74201247e-02 -1.68868490e-02 1.00000000e-03  1.94417242e-02 -1.44964541e-02 1.00000000e-03  1.97089668e-02 -1.47224660e-02 1.00000000e-03  1.76873673e-02 -1.71128609e-02 1.00000000e-03
Q 2  1.94283702e-02 -1.45144692e-02 1.00000000e-03  2.11269821e-02 -1.18862788e-02 1.00000000e-03  2.14209327e-02 -1.20762605e-02 1.00000000e-03  1.97223208e-02 -1.47044509e-02 1.00000000e-03
Q 2  2.11160415e-02 -1.19058537e-02 1.00000000e-03  2.24640551e-02 -9.08320504e-03 1.00000000e-03  2.27798869e-02 -9.23403698e-03 1.00000000e-03  2.14318733e-02 -1.20566856e-02 1.00000000e-03
Q 2  2.24557075e-02 -9.10401827e-03 1.00000000e-03  2.34312895e-02 -6.13340437e-03 1.00000000e-03  2.37638165e-02 -6.24260985e-03 1.00000000e-03  2.27882344e-02 -9.21322375e-03 1.00000000e-03
Q 2  2.34256721e-02 -6.15511419e-03 1.00000000e-03  2.40131210e-02 -3.08541777e-03 1.00000000e-03  2.43568828e-02 -3.15120361e-03 1.00000000e-03  2.37694339e-02 -6.22090003e-03 1.00000000e-03
Q 2  2.40103258e-02 -3.10766771e-03 1.00000000e-03  2.42003239e-02 1.06429811e-05 1.00000000e-03  2.45496761e-02 -1.06429811e-05 1.00000000e-03  2.43596780e-02 -3.12895367e-03 1.00000000e-03
Q 3  2.42003239e-02 -1.06429811e-05 2.00000000e-03  2.40103258e-02 3.10766771e-03 2.00000000e-03  2.43596780e-02 3.12895367e-03 2.00000000e-03  2.45496761e-02 1.06429811e-05 2.00000000e-03
Q 3  2.40131210e-02 3.08541777e-03 2.00000000e-03  2.34256721e-02 6.15511419e-03 2.00000000e-03  2.37694339e-02 6.22090003e-03 2.00000000e-03  2.43568828e-02 3.15120361e-03 2.00000000e-03
Q 3  2.34312895e-02 6.13340437e-03 2.00000000e-03  2.24557075e-02 9.10401827e-03 2.00000000e-03  2.27882344e-02 9.21322375e-03 2.00000000e-03  2.37638165e-02 6.24260985e-03 2.00000000e-03
Q 3  2.24640551e-02 9.08320504e-03 2.00000000e-03  2.11160415e-02 1.19058537e-02 2.00000000e-03  2.14318733e-02 1.20566856e-02 2.00000000e-03  2.27798869e-02 9.23403698e-03 2.00000000e-03
Q 3  2.11269821e-02 1.18862788e-02 2.00000000e-03  1.94283702e-02 1.45144692e-02 2.00000000e-03  1.97223208e-02 1.47044509e-02 2.00000000e-03  2.14209327e-02 1.20762605e-02 2.00000000e-03
Q 3  1.94417242e-02 1.44964541e-02 2.00000000e-03  1.74201247e-02 1.68868490e-02 2.00000000e-03  1.76873673e-02 1.71128609e-02 2.00000000e-03  1.97089668e-02 1.47224660e-02 2.00000000e-03
Q 3  1.74356727e-02 1.68706895e-02 2.00000000e-03  1.51240257e-02 1.89838221e-02 2.00000000e-03  1.53601722e-02 1.92421529e-02 2.00000000e-03  1.76718192e-02 1.71290204e-02 2.00000000e-03
Q 3  1.51415125e-02 1.89697835e-02 2.00000000e-03  1.25775502e-02 2.07707084e-02 2.00000000e-03  1.27787230e-02 2.10571164e-02 2.00000000e-03  1.53426853e-02 1.92561915e-02 2.00000000e-03
Q 3  1.25966888e-02 2.07590213e-02 2.00000000e-03  9.82232015e-03 2.22178933e-02 2.00000000e-03  9.98521579e-03 2.25276755e-02 2.00000000e-03  1.27595844e-02 2.10688035e-02 2.00000000e-03
Q 3  9.84279609e-03 2.22087495e-02 2.00000000e-03  6.90342147e-03 2.33013173e-02 2.00000000e-03  7.02536523e-03 2.36293870e-02 2.00000000e-03  9.96473985e-03 2.25368192e-02 2.00000000e-03
Q 3  6.92489859e-03 2.32948671e-02 2.00000000e-03  3.86866696e-03 2.40028770e-02 2.00000000e-03  3.94765648e-03 2.43438472e-02 2.00000000e-03  7.00388811e-03 2.36358373e-02 2.00000000e-03
Q 3  3.89079260e-03 2.39992262e-02 2.00000000e-03  7.67812767e-04 2.43107267e-02 2.00000000e-03  8.02551013e-04 2.46589985e-02 2.00000000e-03  3.92553084e-03 2.43474980e-02 2.00000000e-03
Q 3  7.90223609e-04 2.43099352e-02 2.00000000e-03  -2.34825728e-03 2.42194786e-02 2.00000000e-03  -2.35834072e-03 2.45693333e-02 2.00000000e-03  7.80140171e-04 2.46597899e-02 2.00000000e-03
Q 3  -2.32592923e-03 2.42215595e-02 2.00000000e-03  -5.42836670e-03 2.37302968e-02 2.00000000e-03  -5.48310624e-03 2.40759897e-02 2.00000000e-03  -2.38066877e-03 2.45672524e-02 2.00000000e-03
Q 3  -5.40648806e-03 2.37352159e-02 2.00000000e-03  -8.42188679e-03 2.28508836e-02 2.00000000e-03  -8.52038361e-03 2.31867383e-02 2.00000000e-03  -5.50498488e-03 2.40710706e-02 2.00000000e-03
Q 3  -8.40081683e-03 2.28585601e-02 2.00000000e-03  -1.12795689e-02 2.15953582e-02 2.00000000e-03  -1.14202056e-02 2.19158598e-02 2.00000000e-03  -8.54145357e-03 2.31790617e-02 2.00000000e-03
Q 3  -1.12596536e-02 2.16056661e-02 2.00000000e-03  -1.39543546e-02 1.99840305e-02 2.00000000e-03  -1.41348220e-02 2.02839164e-02 2.00000000e-03  -1.14401210e-02 2.19055519e-02 2.00000000e-03
Q 3  -1.39359210e-02 1.99968005e-02 2.00000000e-03  -1.64021507e-02 1.80430727e-02 2.00000000e-03  -1.66194854e-02 1.83174185e-02 2.00000000e-03  -1.41532556e-02 2.02711464e-02 2.00000000e-03
Q 3  -1.63855014e-02 1.80580951e-02 2.00000000e-03  -1.85825559e-02 1.58040936e-02 2.00000000e-03  -1.88331891e-02 1.60483946e-02 2.00000000e-03  -1.66361347e-02 1.83023961e-02 2.00000000e-03
Q 3  -1.85679643e-02 1.58211217e-02 2.00000000e-03  -2.04595278e-02 1.33036245e-02 2.00000000e-03  -2.07393441e-02 1.35138692e-02 2.00000000e-03  -1.88477807e-02 1.60313664e-02 2.00000000e-03
Q 3  -2.04472336e-02 1.33223789e-02 2.00000000e-03  -2.20019785e-02 1.05825232e-02 2.00000000e-03  -2.23063833e-02 1.07552592e-02 2.00000000e-03  -2.07516383e-02 1.34951149e-02 2.00000000e-03
Q 3  -2.19921835e-02 1.06026957e-02 2.00000000e-03  -2.31842898e-02 7.68530588e-03 2.00000000e-03  -2.35082846e-02 7.81769690e-03 2.00000000e-03  -2.23161783e-02 1.07350867e-02 2.00000000e-03
Q 3  -2.31771548e-02 7.70656534e-03 2.00000000e-03  -2.39867380e-02 4.65941928e-03 2.00000000e-03  -2.43250027e-02 4.74929138e-03 2.00000000e-03  -2.35154195e-02 7.79643744e-03 2.00000000e-03
Q 3  -2.39823803e-02 4.68141660e-03 2.00000000e-03  -2.43958236e-02 1.55446355e-03 2.00000000e-03  -2.47428038e-02 1.60034101e-03 2.00000000e-03  -2.43293605e-02 4.72729406e-03 2.00000000e-03
Q 3  -2.43943147e-02 1.57683753e-03 2.00000000e-03  -2.44044978e-02 -1.57862081e-03 2.00000000e-03  -2.47544959e-02 -1.57749131e-03 2.00000000e-03  -2.47443128e-02 1.57796703e-03 2.00000000e-03
Q 3  -2.44058623e-02 -1.55623755e-03 2.00000000e-03  -2.40122836e-02 -4.68838862e-03 2.00000000e-03  -2.43595526e-02 -4.73202564e-03 2.00000000e-03  -2.47531314e-02 -1.59987457e-03 2.00000000e-03
Q 3  -2.40164993e-02 -4.66636363e-03 2.00000000e-03  -2.32252895e-02 -7.72373484e-03 2.00000000e-03  -2.35641272e-02 -7.81142184e-03 2.00000000e-03  -2.43553370e-02 -4.75405063e-03 2.00000000e-03
Q 3  -2.32322871e-02 -7.70242978e-03 2.00000000e-03  -2.20561146e-02 -1.06347344e-02 2.00000000e-03  -2.23809571e-02 -1.07650315e-02 2.00000000e-03  -2.35571296e-02 -7.83272690e-03 2.00000000e-03
Q 3  -2.20657792e-02 -1.06144991e-02 2.00000000e-03  -2.05236466e-02 -1.33734631e-02 2.00000000e-03  -2.08291599e-02 -1.35442309e-02 2.00000000e-03  -2.23712925e-02 -1.07852668e-02 2.00000000e-03
Q 3  -2.05358195e-02 -1.33546299e-02 2.00000000e-03  -1.86527572e-02 -1.58947873e-02 2.00000000e-03  -1.89339247e-02 -1.61032215e-02 2.00000000e-03  -2.08169870e-02 -1.35630641e-02 2.00000000e-03
Q 3  -1.86672385e-02 -1.58776653e-02 2.00000000e-03  -1.64738984e-02 -1.81571066e-02 2.00000000e-03  -1.67261032e-02 -1.83997849e-02 2.00000000e-03  -1.89194433e-02 -1.61203435e-02 2.00000000e-03
Q 3  -1.64904504e-02 -1.81419770e-02 2.00000000e-03  -1.40226068e-02 -2.01230413e-02 2.00000000e-03  -1.42417076e-02 -2.03959788e-02 2.00000000e-03  -1.67095512e-02 -1.84149145e-02 2.00000000e-03
Q 3  -1.40409576e-02 -2.01101526e-02 2.00000000e-03  -1.13389239e-02 -2.17600494e-02 2.00000000e-03  -1.15213231e-02 -2.20587643e-02 2.00000000e-03  -1.42233568e-02 -2.04088675e-02 2.00000000e-03
Q 3  -1.13587723e-02 -2.17496132e-02 2.00000000e-03  -8.46674252e-03 -2.30409652e-02 2.00000000e-03  -8.60944494e-03 -2.33605525e-02 2.00000000e-03  -1.15014747e-02 -2.20692005e-02 2.00000000e-03
Q 3  -8.48776249e-03 -2.30331529e-02 2.00000000e-03  -5.45308829e-03 -2.39444504e-02 2.00000000e-03  -5.55375077e-03 -2.42796624e-02 2.00000000e-03  -8.58842497e-03 -2.33683649e-02 2.00000000e-03
Q 3  -5.47493471e-03 -2.39393902e-02 2.00000000e-03  -2.34735020e-03 -2.44553492e-02 2.00000000e-03  -2.40431984e-03 -2.48006815e-02 2.00000000e-03  -5.53190435e-03 -2.42847226e-02 2.00000000e-03
Q 3  -2.36966436e-03 -2.44531242e-02 2.00000000e-03  7.99528971e-04 -2.45649424e-02 2.00000000e-03  7.87187649e-04 -2.49147247e-02 2.00000000e-03  -2.38200568e-03 -2.48029065e-02 2.00000000e-03
Q 3  7.77113492e-04 -2.45655892e-02 2.00000000e-03  3.93588830e-03 -2.42710964e-02 2.00000000e-03  3.96837794e-03 -2.46195851e-02 2.00000000e-03  8.09603128e-04 -2.49140779e-02 2.00000000e-03
Q 3  3.91373957e-03 -2.42746043e-02 2.00000000e-03  7.01019674e-03 -2.35783031e-02 2.00000000e-03  7.08698384e-03 -2.39197760e-02 2.00000000e-03  3.99052667e-03 -2.46160772e-02 2.00000000e-03
Q 3  6.98867844e-03 -2.35846146e-02 2.00000000e-03  9.97189983e-03 -2.24976124e-02 2.00000000e-03  1.00917235e-02 -2.28264623e-02 2.00000000e-03  7.10850214e-03 -2.39134646e-02 2.00000000e-03
Q 3  9.95136530e-03 -2.25066238e-02 2.00000000e-03  1.27722510e-02 -2.10464551e-02 2.00000000e-03  1.29331438e-02 -2.13572822e-02 2.00000000e-03  1.01122581e-02 -2.28174509e-02 2.00000000e-03
Q 3  1.27530374e-02 -2.10580184e-02 2.00000000e-03  1.53651139e-02 -1.92483628e-02 2.00000000e-03  1.55644338e-02 -1.95360633e-02 2.00000000e-03  1.29523573e-02 -2.13457189e-02 2.00000000e-03
Q 3  1.53475368e-02 -1.92622882e-02 2.00000000e-03  1.77077224e-02 -1.71325858e-02 2.00000000e-03  1.79421966e-02 -1.73924355e-02 2.00000000e-03  1.55820109e-02 -1.95221379e-02 2.00000000e-03
Q 3  1.76920704e-02 -1.71486446e-02 2.00000000e-03  1.97613863e-02 -1.47336175e-02 2.00000000e-03  2.00271645e-02 -1.49613497e-02 2.00000000e-03  1.79578486e-02 -1.73763767e-02 2.00000000e-03
Q 3  1.97479163e-02 -1.47515461e-02 2.00000000e-03  2.14921296e-02 -1.20906323e-02 2.00000000e-03  2.17848478e-02 -1.22825074e-02 2.00000000e-03  2.00406345e-02 -1.49434211e-02 2.00000000e-03
Q 3  2.14810629e-02 -1.21101361e-02 2.00000000e-03  2.28712535e-02 -9.24684528e-03 2.00000000e-03  2.31861052e-02 -9.39971268e-03 2.00000000e-03  2.17959146e-02 -1.22630035e-02 2.00000000e-03
Q 3  2.28627718e-02 -9.26760419e-03 2.00000000e-03  2.38758115e-02 -6.24880636e-03 2.00000000e-03  2.42076266e-02 -6.36015594e-03 2.00000000e-03  2.31945869e-02 -9.37895377e-03 2.00000000e-03
Q 3  2.38700540e-02 -6.27047946e-03 2.00000000e-03  2.44889913e-02 -3.14563784e-03 2.00000000e-03  2.48323213e-02 -3.21364122e-03 2.00000000e-03  2.42133840e-02 -6.33848284e-03 2.00000000e-03
Q 3  2.44860526e-02 -3.16786926e-03 2.00000000e-03  2.47003963e-02 1.17702682e-05 2.00000000e-03  2.50496037e-02 -1.17702682e-05 2.00000000e-03  2.48352600e-02 -3.19140980e-03 2.00000000e-03
Q 4  2.47003963e-02 -1.17702682e-05 3.00000000e-03  2.44860526e-02 3.16786926e-03 3.00000000e-03  2.48352600e-02 3.19140980e-03 3.00000000e-03  2.50496037e-02 1.17702682e-05 3.00000000e-03
Q 4  2.44889913e-02 3.14563784e-03 3.00000000e-03  2.38700540e-02 6.27047946e-03 3.00000000e-03  2.42133840e-02 6.33848284e-03 3.00000000e-03  2.48323213e-02 3.21364122e-03 3.00000000e-03
Q 4  2.38758115e-02 6.24880636e-03 3.00000000e-03  2.28627718e-02 9.26760419e-03 3.00000000e-03  2.31945869e-02 9.37895377e-03 3.00000000e-03  2.42076266e-02 6.36015594e-03 3.00000000e-03
Q 4  2.28712535e-02 9.24684528e-03 3.00000000e-03  2.14810629e-02 1.21101361e-02 3.00000000e-03  2.17959146e-02 1.22630035e-02 3.00000000e-03  2.31861052e-02 9.39971268e-03 3.00000000e-03
Q 4  2.14921296e-02 1.20906323e-02 3.00000000e-03  1.97479163e-02 1.47515461e-02 3.00000000e-03  2.00406345e-02 1.49434211e-02 3.00000000e-03  2.17848478e-02 1.22825074e-02 3.00000000e-03
Q 4  1.97613863e-02 1.47336175e-02 3.00000000e-03  1.76920704e-02 1.71486446e-02 3.00000000e-03  1.79578486e-02 1.73763767e-02 3.00000000e-03  2.00271645e-02 1.49613497e-02 3.00000000e-03
Q 4  1.77077224e-02 1.71325858e-02 3.00000000e-03  1.53475368e-02 1.92622882e-02 3.00000000e-03  1.55820109e-02 1.95221379e-02 3.00000000e-03  1.79421966e-02 1.73924355e-02 3.00000000e-03
Q 4  1.53651139e-02 1.92483628e-02 3.00000000e-03  1.27530374e-02 2.10580184e-02 3.00000000e-03  1.29523573e-02 2.13457189e-02 3.00000000e-03  1.55644338e-02 1.95360633e-02 3.00000000e-03
Q 4  1.27722510e-02 2.10464551e-02 3.00000000e-03  9.95136530e-03 2.25066238e-02 3.00000000e-03  1.01122581e-02 2.28174509e-02 3.00000000e-03  1.29331438e-02 2.13572822e-02 3.00000000e-03
Q 4  9.97189983e-03 2.24976124e-02 3.00000000e-03  6.98867844e-03 2.35846146e-02 3.00000000e-03  7.10850214e-03 2.39134646e-02 3.00000000e-03  1.00917235e-02 2.28264623e-02 3.00000000e-03
Q 4  7.01019674e-03 2.35783031e-02 3.00000000e-03  3.91373957e-03 2.42746043e-02 3.00000000e-03  3.99052667e-03 2.46160772e-02 3.00000000e-03  7.08698384e-03 2.39197760e-02 3.00000000e-03
Q 4  3.93588830e-03 2.42710964e-02 3.00000000e-03  7.77113492e-04 2.45655892e-02 3.00000000e-03  8.09603128e-04 2.49140779e-02 3.00000000e-03  3.96837794e-03 2.46195851e-02 3.00000000e-03
Q 4  7.99528971e-04 2.45649424e-02 3.00000000e-03  -2.36966436e-03 2.44531242e-02 3.00000000e-03  -2.38200568e-03 2.48029065e-02 3.00000000e-03  7.87187649e-04 2.49147247e-02 3.00000000e-03
Q 4  -2.34735020e-03 2.44553492e-02 3.00000000e-03  -5.47493471e-03 2.39393902e-02 3.00000000e-03  -5.53190435e-03 2.42847226e-02 3.00000000e-03  -2.40431984e-03 2.48006815e-02 3.00000000e-03
Q 4  -5.45308829e-03 2.39444504e-02 3.00000000e-03  -8.48776249e-03 2.30331529e-02 3.00000000e-03  -8.58842497e-03 2.33683649e-02 3.00000000e-03  -5.55375077e-03 2.42796624e-02 3.00000000e-03
Q 4  -8.46674252e-03 2.30409652e-02 3.00000000e-03  -1.13587723e-02 2.17496132e-02 3.00000000e-03  -1.15014747e-02 2.20692005e-02 3.00000000e-03  -8.60944494e-03 2.33605525e-02 3.00000000e-03
Q 4  -1.13389239e-02 2.17600494e-02 3.00000000e-03  -1.40409576e-02 2.01101526e-02 3.00000000e-03  -1.42233568e-02 2.04088675e-02 3.00000000e-03  -1.15213231e-02 2.20587643e-02 3.00000000e-03
Q 4  -1.40226068e-02 2.01230413e-02 3.00000000e-03  -1.64904504e-02 1.81419770e-02 3.00000000e-03  -1.67095512e-02 1.84149145e-02 3.00000000e-03  -1.42417076e-02 2.03959788e-02 3.00000000e-03
Q 4  -1.64738984e-02 1.81571066e-02 3.00000000e-03  -1.86672385e-02 1.58776653e-02 3.00000000e-03  -1.89194433e-02 1.61203435e-02 3.00000000e-03  -1.67261032e-02 1.83997849e-02 3.00000000e-03
Q 4  -1.86527572e-02 1.58947873e-02 3.00000000e-03  -2.05358195e-02 1.33546299e-02 3.00000000e-03  -2.08169870e-02 1.35630641e-02 3.00000000e-03  -1.89339247e-02 1.61032215e-02 3.00000000e-03
Q 4  -2.05236466e-02 1.33734631e-02 3.00000000e-03  -2.20657792e-02 1.06144991e-02 3.00000000e-03  -2.23712925e-02 1.07852668e-02 3.00000000e-03  -2.08291599e-02 1.35442309e-02 3.00000000e-03
Q 4  -2.20561146e-02 1.06347344e-02 3.00000000e-03  -2.32322871e-02 7.70242978e-03 3.00000000e-03  -2.35571296e-02 7.83272690e-03 3.00000000e-03  -2.23809571e-02 1.07650315e-02 3.00000000e-03
Q 4  -2.32252895e-02 7.72373484e-03 3.00000000e-03  -2.40164993e-02 4.66636363e-03 3.00000000e-03  -2.43553370e-02 4.75405063e-03 3.00000000e-03  -2.35641272e-02 7.81142184e-03 3.00000000e-03
Q 4  -2.40122836e-02 4.68838862e-03 3.00000000e-03  -2.44058623e-02 1.55623755e-03 3.00000000e-03  -2.47531314e-02 1.59987457e-03 3.00000000e-03  -2.43595526e-02 4.73202564e-03 3.00000000e-03
Q 4  -2.44044978e-02 1.57862081e-03 3.00000000e-03  -2.43943147e-02 -1.57683753e-03 3.00000000e-03  -2.47443128e-02 -1.57796703e-03 3.00000000e-03  -2.47544959e-02 1.57749131e-03 3.00000000e-03
Q 4  -2.43958236e-02 -1.55446355e-03 3.00000000e-03  -2.39823803e-02 -4.68141660e-03 3.00000000e-03  -2.43293605e-02 -4.72729406e-03 3.00000000e-03  -2.47428038e-02 -1.60034101e-03 3.00000000e-03
Q 4  -2.39867380e-02 -4.65941928e-03 3.00000000e-03  -2.31771548e-02 -7.70656534e-03 3.00000000e-03  -2.35154195e-02 -7.79643744e-03 3.00000000e-03  -2.43250027e-02 -4.74929138e-03 3.00000000e-03
Q 4  -2.31842898e-02 -7.68530588e-03 3.00000000e-03  -2.19921835e-02 -1.06026957e-02 3.00000000e-03  -2.23161783e-02 -1.07350867e-02 3.00000000e-03  -2.35082846e-02 -7.81769690e-03 3.00000000e-03
Q 4  -2.20019785e-02 -1.05825232e-02 3.00000000e-03  -2.04472336e-02 -1.33223789e-02 3.00000000e-03  -2.07516383e-02 -1.34951149e-02 3.00000000e-03  -2.23063833e-02 -1.07552592e-02 3.00000000e-03
Q 4  -2.04595278e-02 -1.33036245e-02 3.00000000e-03  -1.85679643e-02 -1.58211217e-02 3.00000000e-03  -1.88477807e-02 -1.60313664e-02 3.00000000e-03  -2.07393441e-02 -1.35138692e-02 3.00000000e-03
Q 4  -1.85825559e-02 -1.58040936e-02 3.00000000e-03  -1.63855014e-02 -1.80580951e-02 3.00000000e-03  -1.66361347e-02 -1.83023961e-02 3.00000000e-03  -1.88331891e-02 -1.60483946e-02 3.00000000e-03
Q 4  -1.64021507e-02 -1.80430727e-02 3.00000000e-03  -1.39359210e-02 -1.99968005e-02 3.00000000e-03  -1.41532556e-02 -2.02711464e-02 3.00000000e-03  -1.66194854e-02 -1.83174185e-02 3.00000000e-03
Q 4  -1.39543546e-02 -1.99840305e-02 3.00000000e-03  -1.12596536e-02 -2.16056661e-02 3.00000000e-03  -1.14401210e-02 -2.19055519e-02 3.00000000e-03  -1.41348220e-02 -2.02839164e-02 3.00000000e-03
Q 4  -1.12795689e-02 -2.15953582e-02 3.00000000e-03  -8.40081683e-03 -2.28585601e-02 3.00000000e-03  -8.54145357e-03 -2.31790617e-02 3.00000000e-03  -1.14202056e-02 -2.19158598e-02 3.00000000e-03
Q 4  -8.42188679e-03 -2.28508836e-02 3.00000000e-03  -5.40648806e-03 -2.37352159e-02 3.00000000e-03  -5.50498488e-03 -2.40710706e-02 3.00000000e-03  -8.52038361e-03 -2.31867383e-02 3.00000000e-03
Q 4  -5.42836670e-03 -2.37302968e-02 3.00000000e-03  -2.32592923e-03 -2.42215595e-02 3.00000000e-03  -2.38066877e-03 -2.45672524e-02 3.00000000e-03  -5.48310624e-03 -2.40759897e-02 3.00000000e-03
Q 4  -2.34825728e-03 -2.42194786e-02 3.00000000e-03  7.90223609e-04 -2.43099352e-02 3.00000000e-03  7.80140171e-04 -2.46597899e-02 3.00000000e-03  -2.35834072e-03 -2.45693333e-02 3.00000000e-03
Q 4  7.67812767e-04 -2.43107267e-02 3.00000000e-03  3.89079260e-03 -2.39992262e-02 3.00000000e-03  3.92553084e-03 -2.43474980e-02 3.00000000e-03  8.02551013e-04 -2.46589985e-02 3.00000000e-03
Q 4  3.86866696e-03 -2.40028770e-02 3.00000000e-03  6.92489859e-03 -2.32948671e-02 3.00000000e-03  7.00388811e-03 -2.36358373e-02 3.00000000e-03  3.94765648e-03 -2.43438472e-02 3.00000000e-03
Q 4  6.90342147e-03 -2.33013173e-02 3.00000000e-03  9.84279609e-03 -2.22087495e-02 3.00000000e-03  9.96473985e-03 -2.25368192e-02 3.00000000e-03  7.02536523e-03 -2.36293870e-02 3.00000000e-03
Q 4  9.82232015e-03 -2.22178933e-02 3.00000000e-03  1.25966888e-02 -2.07590213e-02 3.00000000e-03  1.27595844e-02 -2.10688035e-02 3.00000000e-03  9.98521579e-03 -2.25276755e-02 3.00000000e-03
Q 4  1.25775502e-02 -2.07707084e-02 3.00000000e-03  1.51415125e-02 -1.89697835e-02 3.00000000e-03  1.53426853e-02 -1.92561915e-02 3.00000000e-03  1.27787230e-02 -2.10571164e-02 3.00000000e-03
Q 4  1.51240257e-02 -1.89838221e-02 3.00000000e-03  1.74356727e-02 -1.68706895e-02 3.00000000e-03  1.76718192e-02 -1.71290204e-02 3.00000000e-03  1.53601722e-02 -1.92421529e-02 3.00000000e-03
Q 4  1.74201247e-02 -1.68868490e-02 3.00000000e-03  1.94417242e-02 -1.44964541e-02 3.00000000e-03  1.97089668e-02 -1.47224660e-02 3.00000000e-03  1.76873673e-02 -1.71128609e-02 3.00000000e-03
Q 4  1.94283702e-02 -1.45144692e-02 3.00000000e-03  2.11269821e-02 -1.18862788e-02 3.00000000e-03  2.14209327e-02 -1.20762605e-02 3.00000000e-03  1.97223208e-02 -1.47044509e-02 3.00000000e-03
Q 4  2.11160415e-02 -1.19058537e-02 3.00000000e-03  2.24640551e-02 -9.08320504e-03 3.00000000e-03  2.27798869e-02 -9.23403698e-03 3.00000000e-03  2.14318733e-02 -1.20566856e-02 3.00000000e-03
Q 4  2.24557075e-02 -9.10401827e-03 3.00000000e-03  2.34312895e-02 -6.13340437e-03 3.00000000e-03  2.37638165e-02 -6.24260985e-03 3.00000000e-03  2.27882344e-02 -9.21322375e-03 3.00000000e-03
Q 4  2.34256721e-02 -6.15511419e-03 3.00000000e-03  2.40131210e-02 -3.08541777e-03 3.00000000e-03  2.43568828e-02 -3.15120361e-03 3.00000000e-03  2.37694339e-02 -6.22090003e-03 3.00000000e-03
Q 4  2.40103258e-02 -3.10766771e-03 3.00000000e-03  2.42003239e-02 1.06429811e-05 3.00000000e-03  2.45496761e-02 -1.06429811e-05 3.00000000e-03  2.43596780e-02 -3.12895367e-03 3.00000000e-03
