0 PCB traces from Wire_Sections
* Trace width = 0.35 mm
* Conductor 1 corresponds to Section-1
* Conductor 2 corresponds to Section-2
* Conductor 3 corresponds to Section-3
* Conductor 4 corresponds to Section-4
Q 1  2.37003164e-02 -1.05179165e-05 0.00000000e+00  2.35182573e-02 3.01315562e-03 0.00000000e+00  2.38676245e-02 3.03419146e-03 0.00000000e+00  2.40496836e-02 1.05179165e-05 0.00000000e+00
Q 1  2.35209942e-02 2.99112637e-03 0.00000000e+00  2.29573830e-02 5.96868472e-03 0.00000000e+00  2.33012765e-02 6.03377906e-03 0.00000000e+00  2.38648876e-02 3.05622071e-03 0.00000000e+00
Q 1  2.29628867e-02 5.94717917e-03 0.00000000e+00  2.20264737e-02 8.83065091e-03 0.00000000e+00  2.23593599e-02 8.93875635e-03 0.00000000e+00  2.32957729e-02 6.05528461e-03 0.00000000e+00
Q 1  2.20346555e-02 8.81001512e-03 0.00000000e+00  2.07401997e-02 1.15529029e-02 0.00000000e+00  2.10567222e-02 1.17022799e-02 0.00000000e+00  2.23511780e-02 8.95939214e-03 0.00000000e+00
Q 1  2.07509280e-02 1.15334689e-02 0.00000000e+00  1.91189647e-02 1.40914991e-02 0.00000000e+00  1.94140305e-02 1.42797442e-02 0.00000000e+00  2.10459938e-02 1.17217139e-02 0.00000000e+00
Q 1  1.91320670e-02 1.40735796e-02 0.00000000e+00  1.71885822e-02 1.64054173e-02 0.00000000e+00  1.74574434e-02 1.66295014e-02 0.00000000e+00  1.94009282e-02 1.42976637e-02 0.00000000e+00
Q 1  1.72038476e-02 1.63893007e-02 0.00000000e+00  1.49798642e-02 1.84572172e-02 0.00000000e+00  1.52181947e-02 1.87135346e-02 0.00000000e+00  1.74421781e-02 1.66456181e-02 0.00000000e+00
Q 1  1.49970471e-02 1.84431627e-02 0.00000000e+00  1.25281297e-02 2.02136461e-02 0.00000000e+00  1.27320945e-02 2.04980725e-02 0.00000000e+00  1.52010119e-02 1.87275891e-02 0.00000000e+00
Q 1  1.25469535e-02 2.02018799e-02 0.00000000e+00  9.87263985e-03 2.16461783e-02 0.00000000e+00  1.00389570e-02 2.19541371e-02 0.00000000e+00  1.27132707e-02 2.05098387e-02 0.00000000e+00
Q 1  9.89280173e-03 2.16368898e-02 0.00000000e+00  7.05596921e-03 2.27314779e-02 0.00000000e+00  7.18196263e-03 2.30580137e-02 0.00000000e+00  1.00187952e-02 2.19634256e-02 0.00000000e+00
Q 1  7.07714475e-03 2.27248164e-02 0.00000000e+00  4.12332331e-03 2.34517788e-02 0.00000000e+00  4.20696565e-03 2.37916376e-02 0.00000000e+00  7.16078709e-03 2.30646752e-02 0.00000000e+00
Q 1  4.14517179e-03 2.34478517e-02 0.00000000e+00  1.12181306e-03 2.37951760e-02 0.00000000e+00  1.16175844e-03 2.41428891e-02 0.00000000e+00  4.18511717e-03 2.37955647e-02 0.00000000e+00
Q 1  1.14398291e-03 2.37940463e-02 0.00000000e+00  -1.90030212e-03 2.37558217e-02 0.00000000e+00  -1.90469644e-03 2.41057941e-02 0.00000000e+00  1.13958859e-03 2.41440188e-02 0.00000000e+00
Q 1  -1.87816762e-03 2.37575077e-02 0.00000000e+00  -4.89439010e-03 2.33340247e-02 0.00000000e+00  -4.94305342e-03 2.36806251e-02 0.00000000e+00  -1.92683094e-03 2.41041081e-02 0.00000000e+00
Q 1  -4.87264712e-03 2.33384992e-02 0.00000000e+00  -7.81222874e-03 2.25362508e-02 0.00000000e+00  -7.90437802e-03 2.28739022e-02 0.00000000e+00  -4.96479640e-03 2.36761506e-02 0.00000000e+00
Q 1  -7.79122713e-03 2.25434418e-02 0.00000000e+00  -1.06067825e-02 2.13750237e-02 0.00000000e+00  -1.07409350e-02 2.16982931e-02 0.00000000e+00  -7.92537963e-03 2.28667112e-02 0.00000000e+00
Q 1  -1.05868602e-02 2.13848156e-02 0.00000000e+00  -1.32329606e-02 1.98687290e-02 0.00000000e+00  -1.34069577e-02 2.01724147e-02 0.00000000e+00  -1.07608573e-02 2.16885013e-02 0.00000000e+00
Q 1  -1.32144381e-02 1.98809641e-02 0.00000000e+00  -1.56483446e-02 1.80413224e-02 0.00000000e+00  -1.58593866e-02 1.83205378e-02 0.00000000e+00  -1.34254801e-02 2.01601796e-02 0.00000000e+00
Q 1  -1.56315201e-02 1.80558039e-02 0.00000000e+00  -1.78138738e-02 1.59219494e-02 0.00000000e+00  -1.80585648e-02 1.61722019e-02 0.00000000e+00  -1.58762111e-02 1.83060563e-02 0.00000000e+00
Q 1  -1.77990179e-02 1.59384443e-02 0.00000000e+00  -1.96944763e-02 1.35444804e-02 0.00000000e+00  -1.99688791e-02 1.37617432e-02 0.00000000e+00  -1.80734207e-02 1.61557070e-02 0.00000000e+00
Q 1  -1.96818281e-02 1.35627233e-02 0.00000000e+00  -2.12596376e-02 1.09469692e-02 0.00000000e+00  -2.15593368e-02 1.11277463e-02 0.00000000e+00  -1.99815273e-02 1.37435003e-02 0.00000000e+00
Q 1  -2.12494005e-02 1.09666665e-02 0.00000000e+00  -2.24838952e-02 8.17104411e-03 0.00000000e+00  -2.28040686e-02 8.31242669e-03 0.00000000e+00  -2.15695739e-02 1.11080491e-02 0.00000000e+00
Q 1  -2.24762341e-02 8.19187883e-03 0.00000000e+00  -2.33472534e-02 5.26124066e-03 0.00000000e+00  -2.36827490e-02 5.36095380e-03 0.00000000e+00  -2.28117297e-02 8.29159197e-03 0.00000000e+00
Q 1  -2.33422914e-02 5.28287761e-03 0.00000000e+00  -2.38355089e-02 2.26428730e-03 0.00000000e+00  -2.41809284e-02 2.32072654e-03 0.00000000e+00  -2.36877109e-02 5.33931685e-03 0.00000000e+00
Q 1  -2.38333260e-02 2.28637832e-03 0.00000000e+00  -2.39404854e-02 -7.71645116e-04 0.00000000e+00  -2.42902707e-02 -7.59387924e-04 0.00000000e+00  -2.41831113e-02 2.29863552e-03 0.00000000e+00
Q 1  -2.39411166e-02 -7.49455479e-04 0.00000000e+00  -2.36601694e-02 -3.79771760e-03 0.00000000e+00  -2.40086923e-02 -3.82983968e-03 0.00000000e+00  -2.42896395e-02 -7.81577561e-04 0.00000000e+00
Q 1  -2.36636047e-02 -3.77578640e-03 0.00000000e+00  -2.29987485e-02 -6.76520871e-03 0.00000000e+00  -2.33404008e-02 -6.84119319e-03 0.00000000e+00  -2.40052570e-02 -3.85177088e-03 0.00000000e+00
Q 1  -2.30049324e-02 -6.74388883e-03 0.00000000e+00  -2.19665485e-02 -9.62629891e-03 0.00000000e+00  -2.22958331e-02 -9.74492315e-03 0.00000000e+00  -2.33342169e-02 -6.86251307e-03 0.00000000e+00
Q 1  -2.19753817e-02 -9.60593340e-03 0.00000000e+00  -2.05798734e-02 -1.23348413e-02 0.00000000e+00  -2.08914916e-02 -1.24941965e-02 0.00000000e+00  -2.22869999e-02 -9.76528866e-03 0.00000000e+00
Q 1  -2.05912136e-02 -1.23157578e-02 0.00000000e+00  -1.88607467e-02 -1.48471056e-02 0.00000000e+00  -1.91496844e-02 -1.50446278e-02 0.00000000e+00  -2.08801513e-02 -1.25132799e-02 0.00000000e+00
Q 1  -1.88744115e-02 -1.48296113e-02 0.00000000e+00  -1.68365627e-02 -1.71224848e-02 0.00000000e+00  -1.70981707e-02 -1.73549956e-02 0.00000000e+00  -1.91360196e-02 -1.50621221e-02 0.00000000e+00
Q 1  -1.68523323e-02 -1.71068612e-02 0.00000000e+00  -1.45396495e-02 -1.91241509e-02 0.00000000e+00  -1.47697184e-02 -1.93879089e-02 0.00000000e+00  -1.70824011e-02 -1.73706192e-02 0.00000000e+00
Q 1  -1.45572700e-02 -1.91106492e-02 0.00000000e+00  -1.20067528e-02 -2.08196510e-02 0.00000000e+00  -1.22015806e-02 -2.11104123e-02 0.00000000e+00  -1.47520978e-02 -1.94014105e-02 0.00000000e+00
Q 1  -1.20259408e-02 -2.08084886e-02 0.00000000e+00  -9.27844820e-03 -2.21814339e-02 0.00000000e+00  -9.43489992e-03 -2.24945199e-02 0.00000000e+00  -1.21823925e-02 -2.11215747e-02 0.00000000e+00
Q 1  -9.29889493e-03 -2.21727904e-02 0.00000000e+00  -6.39849109e-03 -2.31872973e-02 0.00000000e+00  -6.51404935e-03 -2.35176703e-02 0.00000000e+00  -9.41445319e-03 -2.25031634e-02 0.00000000e+00
Q 1  -6.41986753e-03 -2.31813118e-02 0.00000000e+00  -3.41311492e-03 -2.38207500e-02 0.00000000e+00  -3.48592030e-03 -2.41630940e-02 0.00000000e+00  -6.49267291e-03 -2.35236558e-02 0.00000000e+00
Q 1  -3.43507710e-03 -2.38175188e-02 0.00000000e+00  -3.70289081e-04 -2.40712819e-02 0.00000000e+00  -3.99170099e-04 -2.44200883e-02 0.00000000e+00  -3.46395812e-03 -2.41663252e-02 0.00000000e+00
Q 1  -3.92483624e-04 -2.40708570e-02 0.00000000e+00  2.68105195e-03 -2.39345386e-02 0.00000000e+00  2.69656001e-03 -2.42841948e-02 0.00000000e+00  -3.76975556e-04 -2.44205133e-02 0.00000000e+00
Q 1  2.65898217e-03 -2.39369267e-02 0.00000000e+00  5.69179551e-03 -2.34123961e-02 0.00000000e+00  5.75144313e-03 -2.37572760e-02 0.00000000e+00  2.71862979e-03 -2.42818067e-02 0.00000000e+00
Q 1  5.67020562e-03 -2.34175589e-02 0.00000000e+00  8.61344129e-03 -2.25129365e-02 0.00000000e+00  8.71626869e-03 -2.28474908e-02 0.00000000e+00  5.77303302e-03 -2.37521132e-02 0.00000000e+00
Q 1  8.59267869e-03 -2.25207910e-02 0.00000000e+00  1.13988826e-02 -2.12503227e-02 0.00000000e+00  1.15432352e-02 -2.15691680e-02 0.00000000e+00  8.73703129e-03 -2.28396363e-02 0.00000000e+00
Q 1  1.13792814e-02 -2.12607424e-02 0.00000000e+00  1.40031659e-02 -1.96445756e-02 0.00000000e+00  1.41867210e-02 -1.99425815e-02 0.00000000e+00  1.15628365e-02 -2.15587484e-02 0.00000000e+00
Q 1  1.39850415e-02 -1.96573928e-02 0.00000000e+00  1.63842163e-02 -1.77212564e-02 0.00000000e+00  1.66040203e-02 -1.79936278e-02 0.00000000e+00  1.42048455e-02 -1.99297642e-02 0.00000000e+00
Q 1  1.63678602e-02 -1.77362650e-02 0.00000000e+00  1.85035172e-02 -1.55110604e-02 0.00000000e+00  1.87560334e-02 -1.57534147e-02 0.00000000e+00  1.66203764e-02 -1.79786193e-02 0.00000000e+00
Q 1  1.84891927e-02 -1.55280188e-02 0.00000000e+00  2.03267335e-02 -1.30493266e-02 0.00000000e+00  2.06078986e-02 -1.32577641e-02 0.00000000e+00  1.87703578e-02 -1.57364563e-02 0.00000000e+00
Q 1  2.03146711e-02 -1.30679620e-02 0.00000000e+00  2.18242678e-02 -1.03754728e-02 0.00000000e+00  2.21295577e-02 -1.05466396e-02 0.00000000e+00  2.06199610e-02 -1.32391287e-02 0.00000000e+00
Q 1  2.18146615e-02 -1.03954853e-02 0.00000000e+00  2.29717406e-02 -7.53236468e-03 0.00000000e+00  2.32962430e-02 -7.66350654e-03 0.00000000e+00  2.21391639e-02 -1.05266271e-02 0.00000000e+00
Q 1  2.29647451e-02 -7.55343222e-03 0.00000000e+00  2.37503876e-02 -4.56562825e-03 0.00000000e+00  2.40888810e-02 -4.65463503e-03 0.00000000e+00  2.33032385e-02 -7.64243900e-03 0.00000000e+00
Q 1  2.37461154e-02 -4.58741188e-03 0.00000000e+00  2.41473660e-02 -1.52291796e-03 0.00000000e+00  2.44944038e-02 -1.56835748e-03 0.00000000e+00  2.40931532e-02 -4.63285140e-03 0.00000000e+00
Q 1  2.41458858e-02 -1.54506716e-03 0.00000000e+00  2.41559665e-02 1.54684892e-03 0.00000000e+00  2.45059646e-02 1.54570780e-03 0.00000000e+00  2.44958840e-02 -1.54620828e-03 0.00000000e+00
Q 1  2.41573022e-02 1.52469053e-03 0.00000000e+00  2.37757263e-02 4.59427869e-03 0.00000000e+00  2.41230531e-02 4.63745435e-03 0.00000000e+00  2.45046289e-02 1.56786619e-03 0.00000000e+00
Q 1  2.37798564e-02 4.57246767e-03 0.00000000e+00  2.30124419e-02 7.57029602e-03 0.00000000e+00  2.33515085e-02 7.65709372e-03 0.00000000e+00  2.41189230e-02 4.65926537e-03 0.00000000e+00
Q 1  2.30192999e-02 7.54918331e-03 0.00000000e+00  2.18780807e-02 1.04269342e-02 0.00000000e+00  2.22034313e-02 1.05559573e-02 0.00000000e+00  2.33446505e-02 7.67820643e-03 0.00000000e+00
Q 1  2.18875562e-02 1.04068595e-02 0.00000000e+00  2.03905939e-02 1.31181083e-02 0.00000000e+00  2.06969934e-02 1.32872807e-02 0.00000000e+00  2.21939558e-02 1.05760320e-02 0.00000000e+00
Q 1  2.04025345e-02 1.30993947e-02 0.00000000e+00  1.85736322e-02 1.56003586e-02 0.00000000e+00  1.88561505e-02 1.58069582e-02 0.00000000e+00  2.06850528e-02 1.33059943e-02 0.00000000e+00
Q 1  1.85878458e-02 1.55833071e-02 0.00000000e+00  1.64561700e-02 1.78335524e-02 0.00000000e+00  1.67102610e-02 1.80742550e-02 0.00000000e+00  1.88419369e-02 1.58240097e-02 0.00000000e+00
Q 1  1.64724278e-02 1.78184375e-02 0.00000000e+00  1.40720432e-02 1.97815329e-02 0.00000000e+00  1.42936186e-02 2.00524653e-02 0.00000000e+00  1.66940032e-02 1.80893699e-02 0.00000000e+00
Q 1  1.40900837e-02 1.97685978e-02 0.00000000e+00  1.14594088e-02 2.14127047e-02 0.00000000e+00  1.16449032e-02 2.17095074e-02 0.00000000e+00  1.42755781e-02 2.00654005e-02 0.00000000e+00
Q 1  1.14789417e-02 2.14021574e-02 0.00000000e+00  8.66013400e-03 2.27005459e-02 0.00000000e+00  8.80656262e-03 2.30184432e-02 0.00000000e+00  1.16253703e-02 2.17200547e-02 0.00000000e+00
Q 1  8.68084494e-03 2.26925562e-02 0.00000000e+00  5.71912542e-03 2.36240396e-02 0.00000000e+00  5.82413216e-03 2.39579162e-02 0.00000000e+00  8.78585168e-03 2.30264329e-02 0.00000000e+00
Q 1  5.74068118e-03 2.36187361e-02 0.00000000e+00  2.68360866e-03 2.41680166e-02 0.00000000e+00  2.74550388e-03 2.45125003e-02 0.00000000e+00  5.80257640e-03 2.39632197e-02 0.00000000e+00
Q 1  2.70566239e-03 2.41654846e-02 0.00000000e+00  -3.97630031e-04 2.43234047e-02 0.00000000e+00  -3.79842269e-04 2.46729525e-02 0.00000000e+00  2.72345015e-03 2.45150323e-02 0.00000000e+00
Q 1  -3.75433193e-04 2.43236850e-02 0.00000000e+00  -3.47502779e-03 2.40873797e-02 0.00000000e+00  -3.50163371e-03 2.44363669e-02 0.00000000e+00  -4.02039107e-04 2.46726722e-02 0.00000000e+00
Q 1  -3.45304501e-03 2.40904676e-02 0.00000000e+00  -6.49904246e-03 2.34634157e-02 0.00000000e+00  -6.56961394e-03 2.38062271e-02 0.00000000e+00  -3.52361649e-03 2.44332790e-02 0.00000000e+00
Q 1  -6.47762745e-03 2.34692617e-02 0.00000000e+00  -9.42095007e-03 2.24612352e-02 0.00000000e+00  -9.53435157e-03 2.27923547e-02 0.00000000e+00  -6.59102895e-03 2.38003812e-02 0.00000000e+00
Q 1  -9.40044742e-03 2.24697451e-02 0.00000000e+00  -1.21936299e-02 2.10966570e-02 0.00000000e+00  -1.23480367e-02 2.14107566e-02 0.00000000e+00  -9.55485422e-03 2.27838447e-02 0.00000000e+00
Q 1  -1.21743695e-02 2.11076940e-02 0.00000000e+00  -1.47723245e-02 1.93913470e-02 0.00000000e+00  -1.49652521e-02 1.96833726e-02 0.00000000e+00  -1.23672971e-02 2.13997196e-02 0.00000000e+00
Q 1  -1.47546163e-02 1.94047335e-02 0.00000000e+00  -1.71153621e-02 1.73724743e-02 0.00000000e+00  -1.73437061e-02 1.76377270e-02 0.00000000e+00  -1.49829604e-02 1.96699862e-02 0.00000000e+00
Q 1  -1.70994909e-02 1.73879948e-02 0.00000000e+00  -1.91848297e-02 1.50722780e-02 0.00000000e+00  -1.94449160e-02 1.53064897e-02 0.00000000e+00  -1.73595772e-02 1.76222065e-02 0.00000000e+00
Q 1  -1.91710511e-02 1.50896828e-02 0.00000000e+00  -2.09471872e-02 1.25275529e-02 0.00000000e+00  -2.12348307e-02 1.27269550e-02 0.00000000e+00  -1.94586946e-02 1.52890849e-02 0.00000000e+00
Q 1  -2.09357227e-02 1.25465620e-02 0.00000000e+00  -2.23738103e-02 9.77906059e-03 0.00000000e+00  -2.26843827e-02 9.94044455e-03 0.00000000e+00  -2.12462951e-02 1.27079459e-02 0.00000000e+00
Q 1  -2.23648445e-02 9.79936805e-03 0.00000000e+00  -2.34414558e-02 6.87087668e-03 0.00000000e+00  -2.37699598e-02 6.99164572e-03 0.00000000e+00  -2.26933485e-02 9.92013709e-03 0.00000000e+00
Q 1  -2.34351330e-02 6.89215578e-03 0.00000000e+00  -2.41326402e-02 3.84968399e-03 0.00000000e+00  -2.44737898e-02 3.92789483e-03 0.00000000e+00  -2.37762826e-02 6.97036662e-03 0.00000000e+00
Q 1  -2.41290620e-02 3.87159231e-03 0.00000000e+00  -2.44359254e-02 7.64023140e-04 0.00000000e+00  -2.47842314e-02 7.98417340e-04 0.00000000e+00  -2.44773679e-02 3.90598651e-03 0.00000000e+00
Q 1  -2.44351495e-02 7.86208179e-04 0.00000000e+00  -2.43461086e-02 -2.33648725e-03 0.00000000e+00  -2.46959665e-02 -2.34646313e-03 0.00000000e+00  -2.47850073e-02 7.76232301e-04 0.00000000e+00
Q 1  -2.43481475e-02 -2.31438247e-03 0.00000000e+00  -2.38643109e-02 -5.40194853e-03 0.00000000e+00  -2.42100910e-02 -5.45613397e-03 0.00000000e+00  -2.46939276e-02 -2.36856791e-03 0.00000000e+00
Q 1  -2.38691316e-02 -5.38027969e-03 0.00000000e+00  -2.29979640e-02 -8.38298503e-03 0.00000000e+00  -2.33341027e-02 -8.48050815e-03 0.00000000e+00  -2.42052703e-02 -5.47780281e-03 0.00000000e+00
Q 1  -2.30054891e-02 -8.36210081e-03 0.00000000e+00  -2.17606967e-02 -1.12315394e-02 0.00000000e+00  -2.20817852e-02 -1.13708309e-02 0.00000000e+00  -2.33265776e-02 -8.50139237e-03 0.00000000e+00
Q 1  -2.17708050e-02 -1.12117758e-02 0.00000000e+00  -2.01721197e-02 -1.39016472e-02 0.00000000e+00  -2.04729916e-02 -1.40804659e-02 0.00000000e+00  -2.20716768e-02 -1.13905945e-02 0.00000000e+00
Q 1  -2.01846487e-02 -1.38833223e-02 0.00000000e+00  -1.82575157e-02 -1.63501788e-02 0.00000000e+00  -1.85333296e-02 -1.65656474e-02 0.00000000e+00  -2.04604626e-02 -1.40987909e-02 0.00000000e+00
Q 1  -1.82722637e-02 -1.63335874e-02 0.00000000e+00  -1.60474362e-02 -1.85375360e-02 0.00000000e+00  -1.62937541e-02 -1.87861873e-02 0.00000000e+00  -1.85185816e-02 -1.65822388e-02 0.00000000e+00
Q 1  -1.60641659e-02 -1.85229451e-02 0.00000000e+00  -1.35772148e-02 -2.04282920e-02 0.00000000e+00  -1.37900732e-02 -2.07061252e-02 0.00000000e+00  -1.62770244e-02 -1.88007782e-02 0.00000000e+00
Q 1  -1.35956570e-02 -2.04159364e-02 0.00000000e+00  -1.08864017e-02 -2.19917658e-02 0.00000000e+00  -1.10623756e-02 -2.22943103e-02 0.00000000e+00  -1.37716310e-02 -2.07184808e-02 0.00000000e+00
Q 1  -1.09062597e-02 -2.19818443e-02 0.00000000e+00  -8.01813085e-03 -2.32025196e-02 0.00000000e+00  -8.15438883e-03 -2.35249072e-02 0.00000000e+00  -1.10425176e-02 -2.23042319e-02 0.00000000e+00
Q 1  -8.03908510e-03 -2.31951918e-02 0.00000000e+00  -5.01842857e-03 -2.40407727e-02 0.00000000e+00  -5.11277805e-03 -2.43778160e-02 0.00000000e+00  -8.13343458e-03 -2.35322351e-02 0.00000000e+00
Q 1  -5.04014190e-03 -2.40361565e-02 0.00000000e+00  -1.93547471e-03 -2.44927246e-02 0.00000000e+00  -1.98639753e-03 -2.48390003e-02 0.00000000e+00  -5.09106472e-03 -2.43824322e-02 0.00000000e+00
Q 1  -1.95759772e-03 -2.44908943e-02 0.00000000e+00  1.18117105e-03 -2.45507821e-02 0.00000000e+00  1.17449425e-03 -2.49007184e-02 0.00000000e+00  -1.96427452e-03 -2.48408306e-02 0.00000000e+00
Q 1  1.15899431e-03 -2.45517671e-02 0.00000000e+00  4.28136584e-03 -2.42136867e-02 0.00000000e+00  4.31904252e-03 -2.45616529e-02 0.00000000e+00  1.19667099e-03 -2.48997333e-02 0.00000000e+00
Q 1  4.25949223e-03 -2.42174712e-02 0.00000000e+00  7.31519043e-03 -2.34865400e-02 0.00000000e+00  7.39661433e-03 -2.38269370e-02 0.00000000e+00  4.34091613e-03 -2.45578683e-02 0.00000000e+00
Q 1  7.29397191e-03 -2.34930631e-02 0.00000000e+00  1.02337530e-02 -2.23807267e-02 0.00000000e+00  1.03576139e-02 -2.27080774e-02 0.00000000e+00  7.41783285e-03 -2.38204138e-02 0.00000000e+00
Q 1  1.02135310e-02 -2.23898836e-02 0.00000000e+00  1.29899769e-02 -2.09137369e-02 0.00000000e+00  1.31542819e-02 -2.12227739e-02 0.00000000e+00  1.03778359e-02 -2.26989206e-02 0.00000000e+00
Q 1  1.29710768e-02 -2.09253800e-02 0.00000000e+00  1.55393604e-02 -1.91088889e-02 0.00000000e+00  1.57414657e-02 -1.93946396e-02 0.00000000e+00  1.31731821e-02 -2.12111307e-02 0.00000000e+00
Q 1  1.55220863e-02 -1.91228310e-02 0.00000000e+00  1.78406948e-02 -1.69949592e-02 0.00000000e+00  1.80773483e-02 -1.72528257e-02 0.00000000e+00  1.57587398e-02 -1.93806975e-02 0.00000000e+00
Q 1  1.78253246e-02 -1.70109759e-02 0.00000000e+00  1.98567305e-02 -1.46057234e-02 0.00000000e+00  2.01241244e-02 -1.48315564e-02 0.00000000e+00  1.80927184e-02 -1.72368089e-02 0.00000000e+00
Q 1  1.98435116e-02 -1.46235570e-02 0.00000000e+00  2.15547804e-02 -1.19794166e-02 0.00000000e+00  2.18486120e-02 -1.21695824e-02 0.00000000e+00  2.01373432e-02 -1.48137227e-02 0.00000000e+00
Q 1  2.15439255e-02 -1.19987802e-02 0.00000000e+00  2.29072493e-02 -9.15812183e-03 0.00000000e+00  2.32227907e-02 -9.30956035e-03 0.00000000e+00  2.18594669e-02 -1.21502188e-02 0.00000000e+00
Q 1  2.28989330e-02 -9.17870380e-03 0.00000000e+00  2.38920825e-02 -6.18709519e-03 0.00000000e+00  2.42242564e-02 -6.29736977e-03 0.00000000e+00  2.32311069e-02 -9.28897838e-03 0.00000000e+00
Q 1  2.38864387e-02 -6.20856436e-03 0.00000000e+00  2.44931254e-02 -3.11404045e-03 0.00000000e+00  2.48365870e-02 -3.18137669e-03 0.00000000e+00  2.42299002e-02 -6.27590060e-03 0.00000000e+00
Q 1  2.44902449e-02 -3.13605137e-03 0.00000000e+00  2.47003887e-02 1.16572039e-05 0.00000000e+00  2.50496113e-02 -1.16572039e-05 0.00000000e+00  2.48394675e-02 -3.15936577e-03 0.00000000e+00
Q 2  2.47003887e-02 -1.16572039e-05 1.00000000e-03  2.44902449e-02 3.13605137e-03 1.00000000e-03  2.48394675e-02 3.15936577e-03 1.00000000e-03  2.50496113e-02 1.16572039e-05 1.00000000e-03
Q 2  2.44931254e-02 3.11404045e-03 1.00000000e-03  2.38864387e-02 6.20856436e-03 1.00000000e-03  2.42299002e-02 6.27590060e-03 1.00000000e-03  2.48365870e-02 3.18137669e-03 1.00000000e-03
Q 2  2.38920825e-02 6.18709519e-03 1.00000000e-03  2.28989330e-02 9.17870380e-03 1.00000000e-03  2.32311069e-02 9.28897838e-03 1.00000000e-03  2.42242564e-02 6.29736977e-03 1.00000000e-03
Q 2  2.29072493e-02 9.15812183e-03 1.00000000e-03  2.15439255e-02 1.19987802e-02 1.00000000e-03  2.18594669e-02 1.21502188e-02 1.00000000e-03  2.32227907e-02 9.30956035e-03 1.00000000e-03
Q 2  2.15547804e-02 1.19794166e-02 1.00000000e-03  1.98435116e-02 1.46235570e-02 1.00000000e-03  2.01373432e-02 1.48137227e-02 1.00000000e-03  2.18486120e-02 1.21695824e-02 1.00000000e-03
Q 2  1.98567305e-02 1.46057234e-02 1.00000000e-03  1.78253246e-02 1.70109759e-02 1.00000000e-03  1.80927184e-02 1.72368089e-02 1.00000000e-03  2.01241244e-02 1.48315564e-02 1.00000000e-03
Q 2  1.78406948e-02 1.69949592e-02 1.00000000e-03  1.55220863e-02 1.91228310e-02 1.00000000e-03  1.57587398e-02 1.93806975e-02 1.00000000e-03  1.80773483e-02 1.72528257e-02 1.00000000e-03
Q 2  1.55393604e-02 1.91088889e-02 1.00000000e-03  1.29710768e-02 2.09253800e-02 1.00000000e-03  1.31731821e-02 2.12111307e-02 1.00000000e-03  1.57414657e-02 1.93946396e-02 1.00000000e-03
Q 2  1.29899769e-02 2.09137369e-02 1.00000000e-03  1.02135310e-02 2.23898836e-02 1.00000000e-03  1.03778359e-02 2.26989206e-02 1.00000000e-03  1.31542819e-02 2.12227739e-02 1.00000000e-03
Q 2  1.02337530e-02 2.23807267e-02 1.00000000e-03  7.29397191e-03 2.34930631e-02 1.00000000e-03  7.41783285e-03 2.38204138e-02 1.00000000e-03  1.03576139e-02 2.27080774e-02 1.00000000e-03
Q 2  7.31519043e-03 2.34865400e-02 1.00000000e-03  4.25949223e-03 2.42174712e-02 1.00000000e-03  4.34091613e-03 2.45578683e-02 1.00000000e-03  7.39661433e-03 2.38269370e-02 1.00000000e-03
Q 2  4.28136584e-03 2.42136867e-02 1.00000000e-03  1.15899431e-03 2.45517671e-02 1.00000000e-03  1.19667099e-03 2.48997333e-02 1.00000000e-03  4.31904252e-03 2.45616529e-02 1.00000000e-03
Q 2  1.18117105e-03 2.45507821e-02 1.00000000e-03  -1.95759772e-03 2.44908943e-02 1.00000000e-03  -1.96427452e-03 2.48408306e-02 1.00000000e-03  1.17449425e-03 2.49007184e-02 1.00000000e-03
Q 2  -1.93547471e-03 2.44927246e-02 1.00000000e-03  -5.04014190e-03 2.40361565e-02 1.00000000e-03  -5.09106472e-03 2.43824322e-02 1.00000000e-03  -1.98639753e-03 2.48390003e-02 1.00000000e-03
Q 2  -5.01842857e-03 2.40407727e-02 1.00000000e-03  -8.03908510e-03 2.31951918e-02 1.00000000e-03  -8.13343458e-03 2.35322351e-02 1.00000000e-03  -5.11277805e-03 2.43778160e-02 1.00000000e-03
Q 2  -8.01813085e-03 2.32025196e-02 1.00000000e-03  -1.09062597e-02 2.19818443e-02 1.00000000e-03  -1.10425176e-02 2.23042319e-02 1.00000000e-03  -8.15438883e-03 2.35249072e-02 1.00000000e-03
Q 2  -1.08864017e-02 2.19917658e-02 1.00000000e-03  -1.35956570e-02 2.04159364e-02 1.00000000e-03  -1.37716310e-02 2.07184808e-02 1.00000000e-03  -1.10623756e-02 2.22943103e-02 1.00000000e-03
Q 2  -1.35772148e-02 2.04282920e-02 1.00000000e-03  -1.60641659e-02 1.85229451e-02 1.00000000e-03  -1.62770244e-02 1.88007782e-02 1.00000000e-03  -1.37900732e-02 2.07061252e-02 1.00000000e-03
Q 2  -1.60474362e-02 1.85375360e-02 1.00000000e-03  -1.82722637e-02 1.63335874e-02 1.00000000e-03  -1.85185816e-02 1.65822388e-02 1.00000000e-03  -1.62937541e-02 1.87861873e-02 1.00000000e-03
Q 2  -1.82575157e-02 1.63501788e-02 1.00000000e-03  -2.01846487e-02 1.38833223e-02 1.00000000e-03  -2.04604626e-02 1.40987909e-02 1.00000000e-03  -1.85333296e-02 1.65656474e-02 1.00000000e-03
Q 2  -2.01721197e-02 1.39016472e-02 1.00000000e-03  -2.17708050e-02 1.12117758e-02 1.00000000e-03  -2.20716768e-02 1.13905945e-02 1.00000000e-03  -2.04729916e-02 1.40804659e-02 1.00000000e-03
Q 2  -2.17606967e-02 1.12315394e-02 1.00000000e-03  -2.30054891e-02 8.36210081e-03 1.00000000e-03  -2.33265776e-02 8.50139237e-03 1.00000000e-03  -2.20817852e-02 1.13708309e-02 1.00000000e-03
Q 2  -2.29979640e-02 8.38298503e-03 1.00000000e-03  -2.38691316e-02 5.38027969e-03 1.00000000e-03  -2.42052703e-02 5.47780281e-03 1.00000000e-03  -2.33341027e-02 8.48050815e-03 1.00000000e-03
Q 2  -2.38643109e-02 5.40194853e-03 1.00000000e-03  -2.43481475e-02 2.31438247e-03 1.00000000e-03  -2.46939276e-02 2.36856791e-03 1.00000000e-03  -2.42100910e-02 5.45613397e-03 1.00000000e-03
Q 2  -2.43461086e-02 2.33648725e-03 1.00000000e-03  -2.44351495e-02 -7.86208179e-04 1.00000000e-03  -2.47850073e-02 -7.76232301e-04 1.00000000e-03  -2.46959665e-02 2.34646313e-03 1.00000000e-03
Q 2  -2.44359254e-02 -7.64023140e-04 1.00000000e-03  -2.41290620e-02 -3.87159231e-03 1.00000000e-03  -2.44773679e-02 -3.90598651e-03 1.00000000e-03  -2.47842314e-02 -7.98417340e-04 1.00000000e-03
Q 2  -2.41326402e-02 -3.84968399e-03 1.00000000e-03  -2.34351330e-02 -6.89215578e-03 1.00000000e-03  -2.37762826e-02 -6.97036662e-03 1.00000000e-03  -2.44737898e-02 -3.92789483e-03 1.00000000e-03
Q 2  -2.34414558e-02 -6.87087668e-03 1.00000000e-03  -2.23648445e-02 -9.79936805e-03 1.00000000e-03  -2.26933485e-02 -9.92013709e-03 1.00000000e-03  -2.37699598e-02 -6.99164572e-03 1.00000000e-03
Q 2  -2.23738103e-02 -9.77906059e-03 1.00000000e-03  -2.09357227e-02 -1.25465620e-02 1.00000000e-03  -2.12462951e-02 -1.27079459e-02 1.00000000e-03  -2.26843827e-02 -9.94044455e-03 1.00000000e-03
Q 2  -2.09471872e-02 -1.25275529e-02 1.00000000e-03  -1.91710511e-02 -1.50896828e-02 1.00000000e-03  -1.94586946e-02 -1.52890849e-02 1.00000000e-03  -2.12348307e-02 -1.27269550e-02 1.00000000e-03
Q 2  -1.91848297e-02 -1.50722780e-02 1.00000000e-03  -1.70994909e-02 -1.73879948e-02 1.00000000e-03  -1.73595772e-02 -1.76222065e-02 1.00000000e-03  -1.94449160e-02 -1.53064897e-02 1.00000000e-03
Q 2  -1.71153621e-02 -1.73724743e-02 1.00000000e-03  -1.47546163e-02 -1.94047335e-02 1.00000000e-03  -1.49829604e-02 -1.96699862e-02 1.00000000e-03  -1.73437061e-02 -1.76377270e-02 1.00000000e-03
Q 2  -1.47723245e-02 -1.93913470e-02 1.00000000e-03  -1.21743695e-02 -2.11076940e-02 1.00000000e-03  -1.23672971e-02 -2.13997196e-02 1.00000000e-03  -1.49652521e-02 -1.96833726e-02 1.00000000e-03
Q 2  -1.21936299e-02 -2.10966570e-02 1.00000000e-03  -9.40044742e-03 -2.24697451e-02 1.00000000e-03  -9.55485422e-03 -2.27838447e-02 1.00000000e-03  -1.23480367e-02 -2.14107566e-02 1.00000000e-03
Q 2  -9.42095007e-03 -2.24612352e-02 1.00000000e-03  -6.47762745e-03 -2.34692617e-02 1.00000000e-03  -6.59102895e-03 -2.38003812e-02 1.00000000e-03  -9.53435157e-03 -2.27923547e-02 1.00000000e-03
Q 2  -6.49904246e-03 -2.34634157e-02 1.00000000e-03  -3.45304501e-03 -2.40904676e-02 1.00000000e-03  -3.52361649e-03 -2.44332790e-02 1.00000000e-03  -6.56961394e-03 -2.38062271e-02 1.00000000e-03
Q 2  -3.47502779e-03 -2.40873797e-02 1.00000000e-03  -3.75433193e-04 -2.43236850e-02 1.00000000e-03  -4.02039107e-04 -2.46726722e-02 1.00000000e-03  -3.50163371e-03 -2.44363669e-02 1.00000000e-03
Q 2  -3.97630031e-04 -2.43234047e-02 1.00000000e-03  2.70566239e-03 -2.41654846e-02 1.00000000e-03  2.72345015e-03 -2.45150323e-02 1.00000000e-03  -3.79842269e-04 -2.46729525e-02 1.00000000e-03
Q 2  2.68360866e-03 -2.41680166e-02 1.00000000e-03  5.74068118e-03 -2.36187361e-02 1.00000000e-03  5.80257640e-03 -2.39632197e-02 1.00000000e-03  2.74550388e-03 -2.45125003e-02 1.00000000e-03
Q 2  5.71912542e-03 -2.36240396e-02 1.00000000e-03  8.68084494e-03 -2.26925562e-02 1.00000000e-03  8.78585168e-03 -2.30264329e-02 1.00000000e-03  5.82413216e-03 -2.39579162e-02 1.00000000e-03
Q 2  8.66013400e-03 -2.27005459e-02 1.00000000e-03  1.14789417e-02 -2.14021574e-02 1.00000000e-03  1.16253703e-02 -2.17200547e-02 1.00000000e-03  8.80656262e-03 -2.30184432e-02 1.00000000e-03
Q 2  1.14594088e-02 -2.14127047e-02 1.00000000e-03  1.40900837e-02 -1.97685978e-02 1.00000000e-03  1.42755781e-02 -2.00654005e-02 1.00000000e-03  1.16449032e-02 -2.17095074e-02 1.00000000e-03
Q 2  1.40720432e-02 -1.97815329e-02 1.00000000e-03  1.64724278e-02 -1.78184375e-02 1.00000000e-03  1.66940032e-02 -1.80893699e-02 1.00000000e-03  1.42936186e-02 -2.00524653e-02 1.00000000e-03
Q 2  1.64561700e-02 -1.78335524e-02 1.00000000e-03  1.85878458e-02 -1.55833071e-02 1.00000000e-03  1.88419369e-02 -1.58240097e-02 1.00000000e-03  1.67102610e-02 -1.80742550e-02 1.00000000e-03
Q 2  1.85736322e-02 -1.56003586e-02 1.00000000e-03  2.04025345e-02 -1.30993947e-02 1.00000000e-03  2.06850528e-02 -1.33059943e-02 1.00000000e-03  1.88561505e-02 -1.58069582e-02 1.00000000e-03
Q 2  2.03905939e-02 -1.31181083e-02 1.00000000e-03  2.18875562e-02 -1.04068595e-02 1.00000000e-03  2.21939558e-02 -1.05760320e-02 1.00000000e-03  2.06969934e-02 -1.32872807e-02 1.00000000e-03
Q 2  2.18780807e-02 -1.04269342e-02 1.00000000e-03  2.30192999e-02 -7.54918331e-03 1.00000000e-03  2.33446505e-02 -7.67820643e-03 1.00000000e-03  2.22034313e-02 -1.05559573e-02 1.00000000e-03
Q 2  2.30124419e-02 -7.57029602e-03 1.00000000e-03  2.37798564e-02 -4.57246767e-03 1.00000000e-03  2.41189230e-02 -4.65926537e-03 1.00000000e-03  2.33515085e-02 -7.65709372e-03 1.00000000e-03
Q 2  2.37757263e-02 -4.59427869e-03 1.00000000e-03  2.41573022e-02 -1.52469053e-03 1.00000000e-03  2.45046289e-02 -1.56786619e-03 1.00000000e-03  2.41230531e-02 -4.63745435e-03 1.00000000e-03
Q 2  2.41559665e-02 -1.54684892e-03 1.00000000e-03  2.41458858e-02 1.54506716e-03 1.00000000e-03  2.44958840e-02 1.54620828e-03 1.00000000e-03  2.45059646e-02 -1.54570780e-03 1.00000000e-03
Q 2  2.41473660e-02 1.52291796e-03 1.00000000e-03  2.37461154e-02 4.58741188e-03 1.00000000e-03  2.40931532e-02 4.63285140e-03 1.00000000e-03  2.44944038e-02 1.56835748e-03 1.00000000e-03
Q 2  2.37503876e-02 4.56562825e-03 1.00000000e-03  2.29647451e-02 7.55343222e-03 1.00000000e-03  2.33032385e-02 7.64243900e-03 1.00000000e-03  2.40888810e-02 4.65463503e-03 1.00000000e-03
Q 2  2.29717406e-02 7.53236468e-03 1.00000000e-03  2.18146615e-02 1.03954853e-02 1.00000000e-03  2.21391639e-02 1.05266271e-02 1.00000000e-03  2.32962430e-02 7.66350654e-03 1.00000000e-03
Q 2  2.18242678e-02 1.03754728e-02 1.00000000e-03  2.03146711e-02 1.30679620e-02 1.00000000e-03  2.06199610e-02 1.32391287e-02 1.00000000e-03  2.21295577e-02 1.05466396e-02 1.00000000e-03
Q 2  2.03267335e-02 1.30493266e-02 1.00000000e-03  1.84891927e-02 1.55280188e-02 1.00000000e-03  1.87703578e-02 1.57364563e-02 1.00000000e-03  2.06078986e-02 1.32577641e-02 1.00000000e-03
Q 2  1.85035172e-02 1.55110604e-02 1.00000000e-03  1.63678602e-02 1.77362650e-02 1.00000000e-03  1.66203764e-02 1.79786193e-02 1.00000000e-03  1.87560334e-02 1.57534147e-02 1.00000000e-03
Q 2  1.63842163e-02 1.77212564e-02 1.00000000e-03  1.39850415e-02 1.96573928e-02 1.00000000e-03  1.42048455e-02 1.99297642e-02 1.00000000e-03  1.66040203e-02 1.79936278e-02 1.00000000e-03
Q 2  1.40031659e-02 1.96445756e-02 1.00000000e-03  1.13792814e-02 2.12607424e-02 1.00000000e-03  1.15628365e-02 2.15587484e-02 1.00000000e-03  1.41867210e-02 1.99425815e-02 1.00000000e-03
Q 2  1.13988826e-02 2.12503227e-02 1.00000000e-03  8.59267869e-03 2.25207910e-02 1.00000000e-03  8.73703129e-03 2.28396363e-02 1.00000000e-03  1.15432352e-02 2.15691680e-02 1.00000000e-03
Q 2  8.61344129e-03 2.25129365e-02 1.00000000e-03  5.67020562e-03 2.34175589e-02 1.00000000e-03  5.77303302e-03 2.37521132e-02 1.00000000e-03  8.71626869e-03 2.28474908e-02 1.00000000e-03
Q 2  5.69179551e-03 2.34123961e-02 1.00000000e-03  2.65898217e-03 2.39369267e-02 1.00000000e-03  2.71862979e-03 2.42818067e-02 1.00000000e-03  5.75144313e-03 2.37572760e-02 1.00000000e-03
Q 2  2.68105195e-03 2.39345386e-02 1.00000000e-03  -3.92483624e-04 2.40708570e-02 1.00000000e-03  -3.76975556e-04 2.44205133e-02 1.00000000e-03  2.69656001e-03 2.42841948e-02 1.00000000e-03
Q 2  -3.70289081e-04 2.40712819e-02 1.00000000e-03  -3.43507710e-03 2.38175188e-02 1.00000000e-03  -3.46395812e-03 2.41663252e-02 1.00000000e-03  -3.99170099e-04 2.44200883e-02 1.00000000e-03
Q 2  -3.41311492e-03 2.38207500e-02 1.00000000e-03  -6.41986753e-03 2.31813118e-02 1.00000000e-03  -6.49267291e-03 2.35236558e-02 1.00000000e-03  -3.48592030e-03 2.41630940e-02 1.00000000e-03
Q 2  -6.39849109e-03 2.31872973e-02 1.00000000e-03  -9.29889493e-03 2.21727904e-02 1.00000000e-03  -9.41445319e-03 2.25031634e-02 1.00000000e-03  -6.51404935e-03 2.35176703e-02 1.00000000e-03
Q 2  -9.27844820e-03 2.21814339e-02 1.00000000e-03  -1.20259408e-02 2.08084886e-02 1.00000000e-03  -1.21823925e-02 2.11215747e-02 1.00000000e-03  -9.43489992e-03 2.24945199e-02 1.00000000e-03
Q 2  -1.20067528e-02 2.08196510e-02 1.00000000e-03  -1.45572700e-02 1.91106492e-02 1.00000000e-03  -1.47520978e-02 1.94014105e-02 1.00000000e-03  -1.22015806e-02 2.11104123e-02 1.00000000e-03
Q 2  -1.45396495e-02 1.91241509e-02 1.00000000e-03  -1.68523323e-02 1.71068612e-02 1.00000000e-03  -1.70824011e-02 1.73706192e-02 1.00000000e-03  -1.47697184e-02 1.93879089e-02 1.00000000e-03
Q 2  -1.68365627e-02 1.71224848e-02 1.00000000e-03  -1.88744115e-02 1.48296113e-02 1.00000000e-03  -1.91360196e-02 1.50621221e-02 1.00000000e-03  -1.70981707e-02 1.73549956e-02 1.00000000e-03
Q 2  -1.88607467e-02 1.48471056e-02 1.00000000e-03  -2.05912136e-02 1.23157578e-02 1.00000000e-03  -2.08801513e-02 1.25132799e-02 1.00000000e-03  -1.91496844e-02 1.50446278e-02 1.00000000e-03
Q 2  -2.05798734e-02 1.23348413e-02 1.00000000e-03  -2.19753817e-02 9.60593340e-03 1.00000000e-03  -2.22869999e-02 9.76528866e-03 1.00000000e-03  -2.08914916e-02 1.24941965e-02 1.00000000e-03
Q 2  -2.19665485e-02 9.62629891e-03 1.00000000e-03  -2.30049324e-02 6.74388883e-03 1.00000000e-03  -2.33342169e-02 6.86251307e-03 1.00000000e-03  -2.22958331e-02 9.74492315e-03 1.00000000e-03
Q 2  -2.29987485e-02 6.76520871e-03 1.00000000e-03  -2.36636047e-02 3.77578640e-03 1.00000000e-03  -2.40052570e-02 3.85177088e-03 1.00000000e-03  -2.33404008e-02 6.84119319e-03 1.00000000e-03
Q 2  -2.36601694e-02 3.79771760e-03 1.00000000e-03  -2.39411166e-02 7.49455479e-04 1.00000000e-03  -2.42896395e-02 7.81577561e-04 1.00000000e-03  -2.40086923e-02 3.82983968e-03 1.00000000e-03
Q 2  -2.39404854e-02 7.71645116e-04 1.00000000e-03  -2.38333260e-02 -2.28637832e-03 1.00000000e-03  -2.41831113e-02 -2.29863552e-03 1.00000000e-03  -2.42902707e-02 7.59387924e-04 1.00000000e-03
Q 2  -2.38355089e-02 -2.26428730e-03 1.00000000e-03  -2.33422914e-02 -5.28287761e-03 1.00000000e-03  -2.36877109e-02 -5.33931685e-03 1.00000000e-03  -2.41809284e-02 -2.32072654e-03 1.00000000e-03
Q 2  -2.33472534e-02 -5.26124066e-03 1.00000000e-03  -2.24762341e-02 -8.19187883e-03 1.00000000e-03  -2.28117297e-02 -8.29159197e-03 1.00000000e-03  -2.36827490e-02 -5.36095380e-03 1.00000000e-03
Q 2  -2.24838952e-02 -8.17104411e-03 1.00000000e-03  -2.12494005e-02 -1.09666665e-02 1.00000000e-03  -2.15695739e-02 -1.11080491e-02 1.00000000e-03  -2.28040686e-02 -8.31242669e-03 1.00000000e-03
Q 2  -2.12596376e-02 -1.09469692e-02 1.00000000e-03  -1.96818281e-02 -1.35627233e-02 1.00000000e-03  -1.99815273e-02 -1.37435003e-02 1.00000000e-03  -2.15593368e-02 -1.11277463e-02 1.00000000e-03
Q 2  -1.96944763e-02 -1.35444804e-02 1.00000000e-03  -1.77990179e-02 -1.59384443e-02 1.00000000e-03  -1.80734207e-02 -1.61557070e-02 1.00000000e-03  -1.99688791e-02 -1.37617432e-02 1.00000000e-03
Q 2  -1.78138738e-02 -1.59219494e-02 1.00000000e-03  -1.56315201e-02 -1.80558039e-02 1.00000000e-03  -1.58762111e-02 -1.83060563e-02 1.00000000e-03  -1.80585648e-02 -1.61722019e-02 1.00000000e-03
Q 2  -1.56483446e-02 -1.80413224e-02 1.00000000e-03  -1.32144381e-02 -1.98809641e-02 1.00000000e-03  -1.34254801e-02 -2.01601796e-02 1.00000000e-03  -1.58593866e-02 -1.83205378e-02 1.00000000e-03
Q 2  -1.32329606e-02 -1.98687290e-02 1.00000000e-03  -1.05868602e-02 -2.13848156e-02 1.00000000e-03  -1.07608573e-02 -2.16885013e-02 1.00000000e-03  -1.34069577e-02 -2.01724147e-02 1.00000000e-03
Q 2  -1.06067825e-02 -2.13750237e-02 1.00000000e-03  -7.79122713e-03 -2.25434418e-02 1.00000000e-03  -7.92537963e-03 -2.28667112e-02 1.00000000e-03  -1.07409350e-02 -2.16982931e-02 1.00000000e-03
Q 2  -7.81222874e-03 -2.25362508e-02 1.00000000e-03  -4.87264712e-03 -2.33384992e-02 1.00000000e-03  -4.96479640e-03 -2.36761506e-02 1.00000000e-03  -7.90437802e-03 -2.28739022e-02 1.00000000e-03
Q 2  -4.89439010e-03 -2.33340247e-02 1.00000000e-03  -1.87816762e-03 -2.37575077e-02 1.00000000e-03  -1.92683094e-03 -2.41041081e-02 1.00000000e-03  -4.94305342e-03 -2.36806251e-02 1.00000000e-03
Q 2  -1.90030212e-03 -2.37558217e-02 1.00000000e-03  1.14398291e-03 -2.37940463e-02 1.00000000e-03  1.13958859e-03 -2.41440188e-02 1.00000000e-03  -1.90469644e-03 -2.41057941e-02 1.00000000e-03
Q 2  1.12181306e-03 -2.37951760e-02 1.00000000e-03  4.14517179e-03 -2.34478517e-02 1.00000000e-03  4.18511717e-03 -2.37955647e-02 1.00000000e-03  1.16175844e-03 -2.41428891e-02 1.00000000e-03
Q 2  4.12332331e-03 -2.34517788e-02 1.00000000e-03  7.07714475e-03 -2.27248164e-02 1.00000000e-03  7.16078709e-03 -2.30646752e-02 1.00000000e-03  4.20696565e-03 -2.37916376e-02 1.00000000e-03
Q 2  7.05596921e-03 -2.27314779e-02 1.00000000e-03  9.89280173e-03 -2.16368898e-02 1.00000000e-03  1.00187952e-02 -2.19634256e-02 1.00000000e-03  7.18196263e-03 -2.30580137e-02 1.00000000e-03
Q 2  9.87263985e-03 -2.16461783e-02 1.00000000e-03  1.25469535e-02 -2.02018799e-02 1.00000000e-03  1.27132707e-02 -2.05098387e-02 1.00000000e-03  1.00389570e-02 -2.19541371e-02 1.00000000e-03
Q 2  1.25281297e-02 -2.02136461e-02 1.00000000e-03  1.49970471e-02 -1.84431627e-02 1.00000000e-03  1.52010119e-02 -1.87275891e-02 1.00000000e-03  1.27320945e-02 -2.04980725e-02 1.00000000e-03
Q 2  1.49798642e-02 -1.84572172e-02 1.00000000e-03  1.72038476e-02 -1.63893007e-02 1.00000000e-03  1.74421781e-02 -1.66456181e-02 1.00000000e-03  1.52181947e-02 -1.87135346e-02 1.00000000e-03
Q 2  1.71885822e-02 -1.64054173e-02 1.00000000e-03  1.91320670e-02 -1.40735796e-02 1.00000000e-03  1.94009282e-02 -1.42976637e-02 1.00000000e-03  1.74574434e-02 -1.66295014e-02 1.00000000e-03
Q 2  1.91189647e-02 -1.40914991e-02 1.00000000e-03  2.07509280e-02 -1.15334689e-02 1.00000000e-03  2.10459938e-02 -1.17217139e-02 1.00000000e-03  1.94140305e-02 -1.42797442e-02 1.00000000e-03
Q 2  2.07401997e-02 -1.15529029e-02 1.00000000e-03  2.20346555e-02 -8.81001512e-03 1.00000000e-03  2.23511780e-02 -8.95939214e-03 1.00000000e-03  2.10567222e-02 -1.17022799e-02 1.00000000e-03
Q 2  2.20264737e-02 -8.83065091e-03 1.00000000e-03  2.29628867e-02 -5.94717917e-03 1.00000000e-03  2.32957729e-02 -6.05528461e-03 1.00000000e-03  2.23593599e-02 -8.93875635e-03 1.00000000e-03
Q 2  2.29573830e-02 -5.96868472e-03 1.00000000e-03  2.35209942e-02 -2.99112637e-03 1.00000000e-03  2.38648876e-02 -3.05622071e-03 1.00000000e-03  2.33012765e-02 -6.03377906e-03 1.00000000e-03
Q 2  2.35182573e-02 -3.01315562e-03 1.00000000e-03  2.37003164e-02 1.05179165e-05 1.00000000e-03  2.40496836e-02 -1.05179165e-05 1.00000000e-03  2.38676245e-02 -3.03419146e-03 1.00000000e-03
Q 3  2.37003164e-02 -1.05179165e-05 2.00000000e-03  2.35182573e-02 3.01315562e-03 2.00000000e-03  2.38676245e-02 3.03419146e-03 2.00000000e-03  2.40496836e-02 1.05179165e-05 2.00000000e-03
Q 3  2.35209942e-02 2.99112637e-03 2.00000000e-03  2.29573830e-02 5.96868472e-03 2.00000000e-03  2.33012765e-02 6.03377906e-03 2.00000000e-03  2.38648876e-02 3.05622071e-03 2.00000000e-03
Q 3  2.29628867e-02 5.94717917e-03 2.00000000e-03  2.20264737e-02 8.83065091e-03 2.00000000e-03  2.23593599e-02 8.93875635e-03 2.00000000e-03  2.32957729e-02 6.05528461e-03 2.00000000e-03
Q 3  2.20346555e-02 8.81001512e-03 2.00000000e-03  2.07401997e-02 1.15529029e-02 2.00000000e-03  2.10567222e-02 1.17022799e-02 2.00000000e-03  2.23511780e-02 8.95939214e-03 2.00000000e-03
Q 3  2.07509280e-02 1.15334689e-02 2.00000000e-03  1.91189647e-02 1.40914991e-02 2.00000000e-03  1.94140305e-02 1.42797442e-02 2.00000000e-03  2.10459938e-02 1.17217139e-02 2.00000000e-03
Q 3  1.91320670e-02 1.40735796e-02 2.00000000e-03  1.71885822e-02 1.64054173e-02 2.00000000e-03  1.74574434e-02 1.66295014e-02 2.00000000e-03  1.94009282e-02 1.42976637e-02 2.00000000e-03
Q 3  1.72038476e-02 1.63893007e-02 2.00000000e-03  1.49798642e-02 1.84572172e-02 2.00000000e-03  1.52181947e-02 1.87135346e-02 2.00000000e-03  1.74421781e-02 1.66456181e-02 2.00000000e-03
Q 3  1.49970471e-02 1.84431627e-02 2.00000000e-03  1.25281297e-02 2.02136461e-02 2.00000000e-03  1.27320945e-02 2.04980725e-02 2.00000000e-03  1.52010119e-02 1.87275891e-02 2.00000000e-03
Q 3  1.25469535e-02 2.02018799e-02 2.00000000e-03  9.87263985e-03 2.16461783e-02 2.00000000e-03  1.00389570e-02 2.19541371e-02 2.00000000e-03  1.27132707e-02 2.05098387e-02 2.00000000e-03
Q 3  9.89280173e-03 2.16368898e-02 2.00000000e-03  7.05596921e-03 2.27314779e-02 2.00000000e-03  7.18196263e-03 2.30580137e-02 2.00000000e-03  1.00187952e-02 2.19634256e-02 2.00000000e-03
Q 3  7.07714475e-03 2.27248164e-02 2.00000000e-03  4.12332331e-03 2.34517788e-02 2.00000000e-03  4.20696565e-03 2.37916376e-02 2.00000000e-03  7.16078709e-03 2.30646752e-02 2.00000000e-03
Q 3  4.14517179e-03 2.34478517e-02 2.00000000e-03  1.12181306e-03 2.37951760e-02 2.00000000e-03  1.16175844e-03 2.41428891e-02 2.00000000e-03  4.18511717e-03 2.37955647e-02 2.00000000e-03
Q 3  1.14398291e-03 2.37940463e-02 2.00000000e-03  -1.90030212e-03 2.37558217e-02 2.00000000e-03  -1.90469644e-03 2.41057941e-02 2.00000000e-03  1.13958859e-03 2.41440188e-02 2.00000000e-03
Q 3  -1.87816762e-03 2.37575077e-02 2.00000000e-03  -4.89439010e-03 2.33340247e-02 2.00000000e-03  -4.94305342e-03 2.36806251e-02 2.00000000e-03  -1.92683094e-03 2.41041081e-02 2.00000000e-03
Q 3  -4.87264712e-03 2.33384992e-02 2.00000000e-03  -7.81222874e-03 2.25362508e-02 2.00000000e-03  -7.90437802e-03 2.28739022e-02 2.00000000e-03  -4.96479640e-03 2.36761506e-02 2.00000000e-03
Q 3  -7.79122713e-03 2.25434418e-02 2.00000000e-03  -1.06067825e-02 2.13750237e-02 2.00000000e-03  -1.07409350e-02 2.16982931e-02 2.00000000e-03  -7.92537963e-03 2.28667112e-02 2.00000000e-03
Q 3  -1.05868602e-02 2.13848156e-02 2.00000000e-03  -1.32329606e-02 1.98687290e-02 2.00000000e-03  -1.34069577e-02 2.01724147e-02 2.00000000e-03  -1.07608573e-02 2.16885013e-02 2.00000000e-03
Q 3  -1.32144381e-02 1.98809641e-02 2.00000000e-03  -1.56483446e-02 1.80413224e-02 2.00000000e-03  -1.58593866e-02 1.83205378e-02 2.00000000e-03  -1.34254801e-02 2.01601796e-02 2.00000000e-03
Q 3  -1.56315201e-02 1.80558039e-02 2.00000000e-03  -1.78138738e-02 1.59219494e-02 2.00000000e-03  -1.80585648e-02 1.61722019e-02 2.00000000e-03  -1.58762111e-02 1.83060563e-02 2.00000000e-03
Q 3  -1.77990179e-02 1.59384443e-02 2.00000000e-03  -1.96944763e-02 1.35444804e-02 2.00000000e-03  -1.99688791e-02 1.37617432e-02 2.00000000e-03  -1.80734207e-02 1.61557070e-02 2.00000000e-03
Q 3  -1.96818281e-02 1.35627233e-02 2.00000000e-03  -2.12596376e-02 1.09469692e-02 2.00000000e-03  -2.15593368e-02 1.11277463e-02 2.00000000e-03  -1.99815273e-02 1.37435003e-02 2.00000000e-03
Q 3  -2.12494005e-02 1.09666665e-02 2.00000000e-03  -2.24838952e-02 8.17104411e-03 2.00000000e-03  -2.28040686e-02 8.31242669e-03 2.00000000e-03  -2.15695739e-02 1.11080491e-02 2.00000000e-03
Q 3  -2.24762341e-02 8.19187883e-03 2.00000000e-03  -2.33472534e-02 5.26124066e-03 2.00000000e-03  -2.36827490e-02 5.36095380e-03 2.00000000e-03  -2.28117297e-02 8.29159197e-03 2.00000000e-03
Q 3  -2.33422914e-02 5.28287761e-03 2.00000000e-03  -2.38355089e-02 2.26428730e-03 2.00000000e-03  -2.41809284e-02 2.32072654e-03 2.00000000e-03  -2.36877109e-02 5.33931685e-03 2.00000000e-03
Q 3  -2.38333260e-02 2.28637832e-03 2.00000000e-03  -2.39404854e-02 -7.71645116e-04 2.00000000e-03  -2.42902707e-02 -7.59387924e-04 2.00000000e-03  -2.41831113e-02 2.29863552e-03 2.00000000e-03
Q 3  -2.39411166e-02 -7.49455479e-04 2.00000000e-03  -2.36601694e-02 -3.79771760e-03 2.00000000e-03  -2.40086923e-02 -3.82983968e-03 2.00000000e-03  -2.42896395e-02 -7.81577561e-04 2.00000000e-03
Q 3  -2.36636047e-02 -3.77578640e-03 2.00000000e-03  -2.29987485e-02 -6.76520871e-03 2.00000000e-03  -2.33404008e-02 -6.84119319e-03 2.00000000e-03  -2.40052570e-02 -3.85177088e-03 2.00000000e-03
Q 3  -2.30049324e-02 -6.74388883e-03 2.00000000e-03  -2.19665485e-02 -9.62629891e-03 2.00000000e-03  -2.22958331e-02 -9.74492315e-03 2.00000000e-03  -2.33342169e-02 -6.86251307e-03 2.00000000e-03
Q 3  -2.19753817e-02 -9.60593340e-03 2.00000000e-03  -2.05798734e-02 -1.23348413e-02 2.00000000e-03  -2.08914916e-02 -1.24941965e-02 2.00000000e-03  -2.22869999e-02 -9.76528866e-03 2.00000000e-03
Q 3  -2.05912136e-02 -1.23157578e-02 2.00000000e-03  -1.88607467e-02 -1.48471056e-02 2.00000000e-03  -1.91496844e-02 -1.50446278e-02 2.00000000e-03  -2.08801513e-02 -1.25132799e-02 2.00000000e-03
Q 3  -1.88744115e-02 -1.48296113e-02 2.00000000e-03  -1.68365627e-02 -1.71224848e-02 2.00000000e-03  -1.70981707e-02 -1.73549956e-02 2.00000000e-03  -1.91360196e-02 -1.50621221e-02 2.00000000e-03
Q 3  -1.68523323e-02 -1.71068612e-02 2.00000000e-03  -1.45396495e-02 -1.91241509e-02 2.00000000e-03  -1.47697184e-02 -1.93879089e-02 2.00000000e-03  -1.70824011e-02 -1.73706192e-02 2.00000000e-03
Q 3  -1.45572700e-02 -1.91106492e-02 2.00000000e-03  -1.20067528e-02 -2.08196510e-02 2.00000000e-03  -1.22015806e-02 -2.11104123e-02 2.00000000e-03  -1.47520978e-02 -1.94014105e-02 2.00000000e-03
Q 3  -1.20259408e-02 -2.08084886e-02 2.00000000e-03  -9.27844820e-03 -2.21814339e-02 2.00000000e-03  -9.43489992e-03 -2.24945199e-02 2.00000000e-03  -1.21823925e-02 -2.11215747e-02 2.00000000e-03
Q 3  -9.29889493e-03 -2.21727904e-02 2.00000000e-03  -6.39849109e-03 -2.31872973e-02 2.00000000e-03  -6.51404935e-03 -2.35176703e-02 2.00000000e-03  -9.41445319e-03 -2.25031634e-02 2.00000000e-03
Q 3  -6.41986753e-03 -2.31813118e-02 2.00000000e-03  -3.41311492e-03 -2.38207500e-02 2.00000000e-03  -3.48592030e-03 -2.41630940e-02 2.00000000e-03  -6.49267291e-03 -2.35236558e-02 2.00000000e-03
Q 3  -3.43507710e-03 -2.38175188e-02 2.00000000e-03  -3.70289081e-04 -2.40712819e-02 2.00000000e-03  -3.99170099e-04 -2.44200883e-02 2.00000000e-03  -3.46395812e-03 -2.41663252e-02 2.00000000e-03
Q 3  -3.92483624e-04 -2.40708570e-02 2.00000000e-03  2.68105195e-03 -2.39345386e-02 2.00000000e-03  2.69656001e-03 -2.42841948e-02 2.00000000e-03  -3.76975556e-04 -2.44205133e-02 2.00000000e-03
Q 3  2.65898217e-03 -2.39369267e-02 2.00000000e-03  5.69179551e-03 -2.34123961e-02 2.00000000e-03  5.75144313e-03 -2.37572760e-02 2.00000000e-03  2.71862979e-03 -2.42818067e-02 2.00000000e-03
Q 3  5.67020562e-03 -2.34175589e-02 2.00000000e-03  8.61344129e-03 -2.25129365e-02 2.00000000e-03  8.71626869e-03 -2.28474908e-02 2.00000000e-03  5.77303302e-03 -2.37521132e-02 2.00000000e-03
Q 3  8.59267869e-03 -2.25207910e-02 2.00000000e-03  1.13988826e-02 -2.12503227e-02 2.00000000e-03  1.15432352e-02 -2.15691680e-02 2.00000000e-03  8.73703129e-03 -2.28396363e-02 2.00000000e-03
Q 3  1.13792814e-02 -2.12607424e-02 2.00000000e-03  1.40031659e-02 -1.96445756e-02 2.00000000e-03  1.41867210e-02 -1.99425815e-02 2.00000000e-03  1.15628365e-02 -2.15587484e-02 2.00000000e-03
Q 3  1.39850415e-02 -1.96573928e-02 2.00000000e-03  1.63842163e-02 -1.77212564e-02 2.00000000e-03  1.66040203e-02 -1.79936278e-02 2.00000000e-03  1.42048455e-02 -1.99297642e-02 2.00000000e-03
Q 3  1.63678602e-02 -1.77362650e-02 2.00000000e-03  1.85035172e-02 -1.55110604e-02 2.00000000e-03  1.87560334e-02 -1.57534147e-02 2.00000000e-03  1.66203764e-02 -1.79786193e-02 2.00000000e-03
Q 3  1.84891927e-02 -1.55280188e-02 2.00000000e-03  2.03267335e-02 -1.30493266e-02 2.00000000e-03  2.06078986e-02 -1.32577641e-02 2.00000000e-03  1.87703578e-02 -1.57364563e-02 2.00000000e-03
Q 3  2.03146711e-02 -1.30679620e-02 2.00000000e-03  2.18242678e-02 -1.03754728e-02 2.00000000e-03  2.21295577e-02 -1.05466396e-02 2.00000000e-03  2.06199610e-02 -1.32391287e-02 2.00000000e-03
Q 3  2.18146615e-02 -1.03954853e-02 2.00000000e-03  2.29717406e-02 -7.53236468e-03 2.00000000e-03  2.32962430e-02 -7.66350654e-03 2.00000000e-03  2.21391639e-02 -1.05266271e-02 2.00000000e-03
Q 3  2.29647451e-02 -7.55343222e-03 2.00000000e-03  2.37503876e-02 -4.56562825e-03 2.00000000e-03  2.40888810e-02 -4.65463503e-03 2.00000000e-03  2.33032385e-02 -7.64243900e-03 2.00000000e-03
Q 3  2.37461154e-02 -4.58741188e-03 2.00000000e-03  2.41473660e-02 -1.52291796e-03 2.00000000e-03  2.44944038e-02 -1.56835748e-03 2.00000000e-03  2.40931532e-02 -4.63285140e-03 2.00000000e-03
Q 3  2.41458858e-02 -1.54506716e-03 2.00000000e-03  2.41559665e-02 1.54684892e-03 2.00000000e-03  2.45059646e-02 1.54570780e-03 2.00000000e-03  2.44958840e-02 -1.54620828e-03 2.00000000e-03
Q 3  2.41573022e-02 1.52469053e-03 2.00000000e-03  2.37757263e-02 4.59427869e-03 2.00000000e-03  2.41230531e-02 4.63745435e-03 2.00000000e-03  2.45046289e-02 1.56786619e-03 2.00000000e-03
Q 3  2.37798564e-02 4.57246767e-03 2.00000000e-03  2.30124419e-02 7.57029602e-03 2.00000000e-03  2.33515085e-02 7.65709372e-03 2.00000000e-03  2.41189230e-02 4.65926537e-03 2.00000000e-03
Q 3  2.30192999e-02 7.54918331e-03 2.00000000e-03  2.18780807e-02 1.04269342e-02 2.00000000e-03  2.22034313e-02 1.05559573e-02 2.00000000e-03  2.33446505e-02 7.67820643e-03 2.00000000e-03
Q 3  2.18875562e-02 1.04068595e-02 2.00000000e-03  2.03905939e-02 1.31181083e-02 2.00000000e-03  2.06969934e-02 1.32872807e-02 2.00000000e-03  2.21939558e-02 1.05760320e-02 2.00000000e-03
Q 3  2.04025345e-02 1.30993947e-02 2.00000000e-03  1.85736322e-02 1.56003586e-02 2.00000000e-03  1.88561505e-02 1.58069582e-02 2.00000000e-03  2.06850528e-02 1.33059943e-02 2.00000000e-03
Q 3  1.85878458e-02 1.55833071e-02 2.00000000e-03  1.64561700e-02 1.78335524e-02 2.00000000e-03  1.67102610e-02 1.80742550e-02 2.00000000e-03  1.88419369e-02 1.58240097e-02 2.00000000e-03
Q 3  1.64724278e-02 1.78184375e-02 2.00000000e-03  1.40720432e-02 1.97815329e-02 2.00000000e-03  1.42936186e-02 2.00524653e-02 2.00000000e-03  1.66940032e-02 1.80893699e-02 2.00000000e-03
Q 3  1.40900837e-02 1.97685978e-02 2.00000000e-03  1.14594088e-02 2.14127047e-02 2.00000000e-03  1.16449032e-02 2.17095074e-02 2.00000000e-03  1.42755781e-02 2.00654005e-02 2.00000000e-03
Q 3  1.14789417e-02 2.14021574e-02 2.00000000e-03  8.66013400e-03 2.27005459e-02 2.00000000e-03  8.80656262e-03 2.30184432e-02 2.00000000e-03  1.16253703e-02 2.17200547e-02 2.00000000e-03
Q 3  8.68084494e-03 2.26925562e-02 2.00000000e-03  5.71912542e-03 2.36240396e-02 2.00000000e-03  5.82413216e-03 2.39579162e-02 2.00000000e-03  8.78585168e-03 2.30264329e-02 2.00000000e-03
Q 3  5.74068118e-03 2.36187361e-02 2.00000000e-03  2.68360866e-03 2.41680166e-02 2.00000000e-03  2.74550388e-03 2.45125003e-02 2.00000000e-03  5.80257640e-03 2.39632197e-02 2.00000000e-03
Q 3  2.70566239e-03 2.41654846e-02 2.00000000e-03  -3.97630031e-04 2.43234047e-02 2.00000000e-03  -3.79842269e-04 2.46729525e-02 2.00000000e-03  2.72345015e-03 2.45150323e-02 2.00000000e-03
Q 3  -3.75433193e-04 2.43236850e-02 2.00000000e-03  -3.47502779e-03 2.40873797e-02 2.00000000e-03  -3.50163371e-03 2.44363669e-02 2.00000000e-03  -4.02039107e-04 2.46726722e-02 2.00000000e-03
Q 3  -3.45304501e-03 2.40904676e-02 2.00000000e-03  -6.49904246e-03 2.34634157e-02 2.00000000e-03  -6.56961394e-03 2.38062271e-02 2.00000000e-03  -3.52361649e-03 2.44332790e-02 2.00000000e-03
Q 3  -6.47762745e-03 2.34692617e-02 2.00000000e-03  -9.42095007e-03 2.24612352e-02 2.00000000e-03  -9.53435157e-03 2.27923547e-02 2.00000000e-03  -6.59102895e-03 2.38003812e-02 2.00000000e-03
Q 3  -9.40044742e-03 2.24697451e-02 2.00000000e-03  -1.21936299e-02 2.10966570e-02 2.00000000e-03  -1.23480367e-02 2.14107566e-02 2.00000000e-03  -9.55485422e-03 2.27838447e-02 2.00000000e-03
Q 3  -1.21743695e-02 2.11076940e-02 2.00000000e-03  -1.47723245e-02 1.93913470e-02 2.00000000e-03  -1.49652521e-02 1.96833726e-02 2.00000000e-03  -1.23672971e-02 2.13997196e-02 2.00000000e-03
Q 3  -1.47546163e-02 1.94047335e-02 2.00000000e-03  -1.71153621e-02 1.73724743e-02 2.00000000e-03  -1.73437061e-02 1.76377270e-02 2.00000000e-03  -1.49829604e-02 1.96699862e-02 2.00000000e-03
Q 3  -1.70994909e-02 1.73879948e-02 2.00000000e-03  -1.91848297e-02 1.50722780e-02 2.00000000e-03  -1.94449160e-02 1.53064897e-02 2.00000000e-03  -1.73595772e-02 1.76222065e-02 2.00000000e-03
Q 3  -1.91710511e-02 1.50896828e-02 2.00000000e-03  -2.09471872e-02 1.25275529e-02 2.00000000e-03  -2.12348307e-02 1.27269550e-02 2.00000000e-03  -1.94586946e-02 1.52890849e-02 2.00000000e-03
Q 3  -2.09357227e-02 1.25465620e-02 2.00000000e-03  -2.23738103e-02 9.77906059e-03 2.00000000e-03  -2.26843827e-02 9.94044455e-03 2.00000000e-03  -2.12462951e-02 1.27079459e-02 2.00000000e-03
Q 3  -2.23648445e-02 9.79936805e-03 2.00000000e-03  -2.34414558e-02 6.87087668e-03 2.00000000e-03  -2.37699598e-02 6.99164572e-03 2.00000000e-03  -2.26933485e-02 9.92013709e-03 2.00000000e-03
Q 3  -2.34351330e-02 6.89215578e-03 2.00000000e-03  -2.41326402e-02 3.84968399e-03 2.00000000e-03  -2.44737898e-02 3.92789483e-03 2.00000000e-03  -2.37762826e-02 6.97036662e-03 2.00000000e-03
Q 3  -2.41290620e-02 3.87159231e-03 2.00000000e-03  -2.44359254e-02 7.64023140e-04 2.00000000e-03  -2.47842314e-02 7.98417340e-04 2.00000000e-03  -2.44773679e-02 3.90598651e-03 2.00000000e-03
Q 3  -2.44351495e-02 7.86208179e-04 2.00000000e-03  -2.43461086e-02 -2.33648725e-03 2.00000000e-03  -2.46959665e-02 -2.34646313e-03 2.00000000e-03  -2.47850073e-02 7.76232301e-04 2.00000000e-03
Q 3  -2.43481475e-02 -2.31438247e-03 2.00000000e-03  -2.38643109e-02 -5.40194853e-03 2.00000000e-03  -2.42100910e-02 -5.45613397e-03 2.00000000e-03  -2.46939276e-02 -2.36856791e-03 2.00000000e-03
Q 3  -2.38691316e-02 -5.38027969e-03 2.00000000e-03  -2.29979640e-02 -8.38298503e-03 2.00000000e-03  -2.33341027e-02 -8.48050815e-03 2.00000000e-03  -2.42052703e-02 -5.47780281e-03 2.00000000e-03
Q 3  -2.30054891e-02 -8.36210081e-03 2.00000000e-03  -2.17606967e-02 -1.12315394e-02 2.00000000e-03  -2.20817852e-02 -1.13708309e-02 2.00000000e-03  -2.33265776e-02 -8.50139237e-03 2.00000000e-03
Q 3  -2.17708050e-02 -1.12117758e-02 2.00000000e-03  -2.01721197e-02 -1.39016472e-02 2.00000000e-03  -2.04729916e-02 -1.40804659e-02 2.00000000e-03  -2.20716768e-02 -1.13905945e-02 2.00000000e-03
Q 3  -2.01846487e-02 -1.38833223e-02 2.00000000e-03  -1.82575157e-02 -1.63501788e-02 2.00000000e-03  -1.85333296e-02 -1.65656474e-02 2.00000000e-03  -2.04604626e-02 -1.40987909e-02 2.00000000e-03
Q 3  -1.82722637e-02 -1.63335874e-02 2.00000000e-03  -1.60474362e-02 -1.85375360e-02 2.00000000e-03  -1.62937541e-02 -1.87861873e-02 2.00000000e-03  -1.85185816e-02 -1.65822388e-02 2.00000000e-03
Q 3  -1.60641659e-02 -1.85229451e-02 2.00000000e-03  -1.35772148e-02 -2.04282920e-02 2.00000000e-03  -1.37900732e-02 -2.07061252e-02 2.00000000e-03  -1.62770244e-02 -1.88007782e-02 2.00000000e-03
Q 3  -1.35956570e-02 -2.04159364e-02 2.00000000e-03  -1.08864017e-02 -2.19917658e-02 2.00000000e-03  -1.10623756e-02 -2.22943103e-02 2.00000000e-03  -1.37716310e-02 -2.07184808e-02 2.00000000e-03
Q 3  -1.09062597e-02 -2.19818443e-02 2.00000000e-03  -8.01813085e-03 -2.32025196e-02 2.00000000e-03  -8.15438883e-03 -2.35249072e-02 2.00000000e-03  -1.10425176e-02 -2.23042319e-02 2.00000000e-03
Q 3  -8.03908510e-03 -2.31951918e-02 2.00000000e-03  -5.01842857e-03 -2.40407727e-02 2.00000000e-03  -5.11277805e-03 -2.43778160e-02 2.00000000e-03  -8.13343458e-03 -2.35322351e-02 2.00000000e-03
Q 3  -5.04014190e-03 -2.40361565e-02 2.00000000e-03  -1.93547471e-03 -2.44927246e-02 2.00000000e-03  -1.98639753e-03 -2.48390003e-02 2.00000000e-03  -5.09106472e-03 -2.43824322e-02 2.00000000e-03
Q 3  -1.95759772e-03 -2.44908943e-02 2.00000000e-03  1.18117105e-03 -2.45507821e-02 2.00000000e-03  1.17449425e-03 -2.49007184e-02 2.00000000e-03  -1.96427452e-03 -2.48408306e-02 2.00000000e-03
Q 3  1.15899431e-03 -2.45517671e-02 2.00000000e-03  4.28136584e-03 -2.42136867e-02 2.00000000e-03  4.31904252e-03 -2.45616529e-02 2.00000000e-03  1.19667099e-03 -2.48997333e-02 2.00000000e-03
Q 3  4.25949223e-03 -2.42174712e-02 2.00000000e-03  7.31519043e-03 -2.34865400e-02 2.00000000e-03  7.39661433e-03 -2.38269370e-02 2.00000000e-03  4.34091613e-03 -2.45578683e-02 2.00000000e-03
Q 3  7.29397191e-03 -2.34930631e-02 2.00000000e-03  1.02337530e-02 -2.23807267e-02 2.00000000e-03  1.03576139e-02 -2.27080774e-02 2.00000000e-03  7.41783285e-03 -2.38204138e-02 2.00000000e-03
Q 3  1.02135310e-02 -2.23898836e-02 2.00000000e-03  1.29899769e-02 -2.09137369e-02 2.00000000e-03  1.31542819e-02 -2.12227739e-02 2.00000000e-03  1.03778359e-02 -2.26989206e-02 2.00000000e-03
Q 3  1.29710768e-02 -2.09253800e-02 2.00000000e-03  1.55393604e-02 -1.91088889e-02 2.00000000e-03  1.57414657e-02 -1.93946396e-02 2.00000000e-03  1.31731821e-02 -2.12111307e-02 2.00000000e-03
Q 3  1.55220863e-02 -1.91228310e-02 2.00000000e-03  1.78406948e-02 -1.69949592e-02 2.00000000e-03  1.80773483e-02 -1.72528257e-02 2.00000000e-03  1.57587398e-02 -1.93806975e-02 2.00000000e-03
Q 3  1.78253246e-02 -1.70109759e-02 2.00000000e-03  1.98567305e-02 -1.46057234e-02 2.00000000e-03  2.01241244e-02 -1.48315564e-02 2.00000000e-03  1.80927184e-02 -1.72368089e-02 2.00000000e-03
Q 3  1.98435116e-02 -1.46235570e-02 2.00000000e-03  2.15547804e-02 -1.19794166e-02 2.00000000e-03  2.18486120e-02 -1.21695824e-02 2.00000000e-03  2.01373432e-02 -1.48137227e-02 2.00000000e-03
Q 3  2.15439255e-02 -1.19987802e-02 2.00000000e-03  2.29072493e-02 -9.15812183e-03 2.00000000e-03  2.32227907e-02 -9.30956035e-03 2.00000000e-03  2.18594669e-02 -1.21502188e-02 2.00000000e-03
Q 3  2.28989330e-02 -9.17870380e-03 2.00000000e-03  2.38920825e-02 -6.18709519e-03 2.00000000e-03  2.42242564e-02 -6.29736977e-03 2.00000000e-03  2.32311069e-02 -9.28897838e-03 2.00000000e-03
Q 3  2.38864387e-02 -6.20856436e-03 2.00000000e-03  2.44931254e-02 -3.11404045e-03 2.00000000e-03  2.48365870e-02 -3.18137669e-03 2.00000000e-03  2.42299002e-02 -6.27590060e-03 2.00000000e-03
Q 3  2.44902449e-02 -3.13605137e-03 2.00000000e-03  2.47003887e-02 1.16572039e-05 2.00000000e-03  2.50496113e-02 -1.16572039e-05 2.00000000e-03  2.48394675e-02 -3.15936577e-03 2.00000000e-03
Q 4  2.47003887e-02 -1.16572039e-05 3.00000000e-03  2.44902449e-02 3.13605137e-03 3.00000000e-03  2.48394675e-02 3.15936577e-03 3.00000000e-03  2.50496113e-02 1.16572039e-05 3.00000000e-03
Q 4  2.44931254e-02 3.11404045e-03 3.00000000e-03  2.38864387e-02 6.20856436e-03 3.00000000e-03  2.42299002e-02 6.27590060e-03 3.00000000e-03  2.48365870e-02 3.18137669e-03 3.00000000e-03
Q 4  2.38920825e-02 6.18709519e-03 3.00000000e-03  2.28989330e-02 9.17870380e-03 3.00000000e-03  2.32311069e-02 9.28897838e-03 3.00000000e-03  2.42242564e-02 6.29736977e-03 3.00000000e-03
Q 4  2.29072493e-02 9.15812183e-03 3.00000000e-03  2.15439255e-02 1.19987802e-02 3.00000000e-03  2.18594669e-02 1.21502188e-02 3.00000000e-03  2.32227907e-02 9.30956035e-03 3.00000000e-03
Q 4  2.15547804e-02 1.19794166e-02 3.00000000e-03  1.98435116e-02 1.46235570e-02 3.00000000e-03  2.01373432e-02 1.48137227e-02 3.00000000e-03  2.18486120e-02 1.21695824e-02 3.00000000e-03
Q 4  1.98567305e-02 1.46057234e-02 3.00000000e-03  1.78253246e-02 1.70109759e-02 3.00000000e-03  1.80927184e-02 1.72368089e-02 3.00000000e-03  2.01241244e-02 1.48315564e-02 3.00000000e-03
Q 4  1.78406948e-02 1.69949592e-02 3.00000000e-03  1.55220863e-02 1.91228310e-02 3.00000000e-03  1.57587398e-02 1.93806975e-02 3.00000000e-03  1.80773483e-02 1.72528257e-02 3.00000000e-03
Q 4  1.55393604e-02 1.91088889e-02 3.00000000e-03  1.29710768e-02 2.09253800e-02 3.00000000e-03  1.31731821e-02 2.12111307e-02 3.00000000e-03  1.57414657e-02 1.93946396e-02 3.00000000e-03
Q 4  1.29899769e-02 2.09137369e-02 3.00000000e-03  1.02135310e-02 2.23898836e-02 3.00000000e-03  1.03778359e-02 2.26989206e-02 3.00000000e-03  1.31542819e-02 2.12227739e-02 3.00000000e-03
Q 4  1.02337530e-02 2.23807267e-02 3.00000000e-03  7.29397191e-03 2.34930631e-02 3.00000000e-03  7.41783285e-03 2.38204138e-02 3.00000000e-03  1.03576139e-02 2.27080774e-02 3.00000000e-03
Q 4  7.31519043e-03 2.34865400e-02 3.00000000e-03  4.25949223e-03 2.42174712e-02 3.00000000e-03  4.34091613e-03 2.45578683e-02 3.00000000e-03  7.39661433e-03 2.38269370e-02 3.00000000e-03
Q 4  4.28136584e-03 2.42136867e-02 3.00000000e-03  1.15899431e-03 2.45517671e-02 3.00000000e-03  1.19667099e-03 2.48997333e-02 3.00000000e-03  4.31904252e-03 2.45616529e-02 3.00000000e-03
Q 4  1.18117105e-03 2.45507821e-02 3.00000000e-03  -1.95759772e-03 2.44908943e-02 3.00000000e-03  -1.96427452e-03 2.48408306e-02 3.00000000e-03  1.17449425e-03 2.49007184e-02 3.00000000e-03
Q 4  -1.93547471e-03 2.44927246e-02 3.00000000e-03  -5.04014190e-03 2.40361565e-02 3.00000000e-03  -5.09106472e-03 2.43824322e-02 3.00000000e-03  -1.98639753e-03 2.48390003e-02 3.00000000e-03
Q 4  -5.01842857e-03 2.40407727e-02 3.00000000e-03  -8.03908510e-03 2.31951918e-02 3.00000000e-03  -8.13343458e-03 2.35322351e-02 3.00000000e-03  -5.11277805e-03 2.43778160e-02 3.00000000e-03
Q 4  -8.01813085e-03 2.32025196e-02 3.00000000e-03  -1.09062597e-02 2.19818443e-02 3.00000000e-03  -1.10425176e-02 2.23042319e-02 3.00000000e-03  -8.15438883e-03 2.35249072e-02 3.00000000e-03
Q 4  -1.08864017e-02 2.19917658e-02 3.00000000e-03  -1.35956570e-02 2.04159364e-02 3.00000000e-03  -1.37716310e-02 2.07184808e-02 3.00000000e-03  -1.10623756e-02 2.22943103e-02 3.00000000e-03
Q 4  -1.35772148e-02 2.04282920e-02 3.00000000e-03  -1.60641659e-02 1.85229451e-02 3.00000000e-03  -1.62770244e-02 1.88007782e-02 3.00000000e-03  -1.37900732e-02 2.07061252e-02 3.00000000e-03
Q 4  -1.60474362e-02 1.85375360e-02 3.00000000e-03  -1.82722637e-02 1.63335874e-02 3.00000000e-03  -1.85185816e-02 1.65822388e-02 3.00000000e-03  -1.62937541e-02 1.87861873e-02 3.00000000e-03
Q 4  -1.82575157e-02 1.63501788e-02 3.00000000e-03  -2.01846487e-02 1.38833223e-02 3.00000000e-03  -2.04604626e-02 1.40987909e-02 3.00000000e-03  -1.85333296e-02 1.65656474e-02 3.00000000e-03
Q 4  -2.01721197e-02 1.39016472e-02 3.00000000e-03  -2.17708050e-02 1.12117758e-02 3.00000000e-03  -2.20716768e-02 1.13905945e-02 3.00000000e-03  -2.04729916e-02 1.40804659e-02 3.00000000e-03
Q 4  -2.17606967e-02 1.12315394e-02 3.00000000e-03  -2.30054891e-02 8.36210081e-03 3.00000000e-03  -2.33265776e-02 8.50139237e-03 3.00000000e-03  -2.20817852e-02 1.13708309e-02 3.00000000e-03
Q 4  -2.29979640e-02 8.38298503e-03 3.00000000e-03  -2.38691316e-02 5.38027969e-03 3.00000000e-03  -2.42052703e-02 5.47780281e-03 3.00000000e-03  -2.33341027e-02 8.48050815e-03 3.00000000e-03
Q 4  -2.38643109e-02 5.40194853e-03 3.00000000e-03  -2.43481475e-02 2.31438247e-03 3.00000000e-03  -2.46939276e-02 2.36856791e-03 3.00000000e-03  -2.42100910e-02 5.45613397e-03 3.00000000e-03
Q 4  -2.43461086e-02 2.33648725e-03 3.00000000e-03  -2.44351495e-02 -7.86208179e-04 3.00000000e-03  -2.47850073e-02 -7.76232301e-04 3.00000000e-03  -2.46959665e-02 2.34646313e-03 3.00000000e-03
Q 4  -2.44359254e-02 -7.64023140e-04 3.00000000e-03  -2.41290620e-02 -3.87159231e-03 3.00000000e-03  -2.44773679e-02 -3.90598651e-03 3.00000000e-03  -2.47842314e-02 -7.98417340e-04 3.00000000e-03
Q 4  -2.41326402e-02 -3.84968399e-03 3.00000000e-03  -2.34351330e-02 -6.89215578e-03 3.00000000e-03  -2.37762826e-02 -6.97036662e-03 3.00000000e-03  -2.44737898e-02 -3.92789483e-03 3.00000000e-03
Q 4  -2.34414558e-02 -6.87087668e-03 3.00000000e-03  -2.23648445e-02 -9.79936805e-03 3.00000000e-03  -2.26933485e-02 -9.92013709e-03 3.00000000e-03  -2.37699598e-02 -6.99164572e-03 3.00000000e-03
Q 4  -2.23738103e-02 -9.77906059e-03 3.00000000e-03  -2.09357227e-02 -1.25465620e-02 3.00000000e-03  -2.12462951e-02 -1.27079459e-02 3.00000000e-03  -2.26843827e-02 -9.94044455e-03 3.00000000e-03
Q 4  -2.09471872e-02 -1.25275529e-02 3.00000000e-03  -1.91710511e-02 -1.50896828e-02 3.00000000e-03  -1.94586946e-02 -1.52890849e-02 3.00000000e-03  -2.12348307e-02 -1.27269550e-02 3.00000000e-03
Q 4  -1.91848297e-02 -1.50722780e-02 3.00000000e-03  -1.70994909e-02 -1.73879948e-02 3.00000000e-03  -1.73595772e-02 -1.76222065e-02 3.00000000e-03  -1.94449160e-02 -1.53064897e-02 3.00000000e-03
Q 4  -1.71153621e-02 -1.73724743e-02 3.00000000e-03  -1.47546163e-02 -1.94047335e-02 3.00000000e-03  -1.49829604e-02 -1.96699862e-02 3.00000000e-03  -1.73437061e-02 -1.76377270e-02 3.00000000e-03
Q 4  -1.47723245e-02 -1.93913470e-02 3.00000000e-03  -1.21743695e-02 -2.11076940e-02 3.00000000e-03  -1.23672971e-02 -2.13997196e-02 3.00000000e-03  -1.49652521e-02 -1.96833726e-02 3.00000000e-03
Q 4  -1.21936299e-02 -2.10966570e-02 3.00000000e-03  -9.40044742e-03 -2.24697451e-02 3.00000000e-03  -9.55485422e-03 -2.27838447e-02 3.00000000e-03  -1.23480367e-02 -2.14107566e-02 3.00000000e-03
Q 4  -9.42095007e-03 -2.24612352e-02 3.00000000e-03  -6.47762745e-03 -2.34692617e-02 3.00000000e-03  -6.59102895e-03 -2.38003812e-02 3.00000000e-03  -9.53435157e-03 -2.27923547e-02 3.00000000e-03
Q 4  -6.49904246e-03 -2.34634157e-02 3.00000000e-03  -3.45304501e-03 -2.40904676e-02 3.00000000e-03  -3.52361649e-03 -2.44332790e-02 3.00000000e-03  -6.56961394e-03 -2.38062271e-02 3.00000000e-03
Q 4  -3.47502779e-03 -2.40873797e-02 3.00000000e-03  -3.75433193e-04 -2.43236850e-02 3.00000000e-03  -4.02039107e-04 -2.46726722e-02 3.00000000e-03  -3.50163371e-03 -2.44363669e-02 3.00000000e-03
Q 4  -3.97630031e-04 -2.43234047e-02 3.00000000e-03  2.70566239e-03 -2.41654846e-02 3.00000000e-03  2.72345015e-03 -2.45150323e-02 3.00000000e-03  -3.79842269e-04 -2.46729525e-02 3.00000000e-03
Q 4  2.68360866e-03 -2.41680166e-02 3.00000000e-03  5.74068118e-03 -2.36187361e-02 3.00000000e-03  5.80257640e-03 -2.39632197e-02 3.00000000e-03  2.74550388e-03 -2.45125003e-02 3.00000000e-03
Q 4  5.71912542e-03 -2.36240396e-02 3.00000000e-03  8.68084494e-03 -2.26925562e-02 3.00000000e-03  8.78585168e-03 -2.30264329e-02 3.00000000e-03  5.82413216e-03 -2.39579162e-02 3.00000000e-03
Q 4  8.66013400e-03 -2.27005459e-02 3.00000000e-03  1.14789417e-02 -2.14021574e-02 3.00000000e-03  1.16253703e-02 -2.17200547e-02 3.00000000e-03  8.80656262e-03 -2.30184432e-02 3.00000000e-03
Q 4  1.14594088e-02 -2.14127047e-02 3.00000000e-03  1.40900837e-02 -1.97685978e-02 3.00000000e-03  1.42755781e-02 -2.00654005e-02 3.00000000e-03  1.16449032e-02 -2.17095074e-02 3.00000000e-03
Q 4  1.40720432e-02 -1.97815329e-02 3.00000000e-03  1.64724278e-02 -1.78184375e-02 3.00000000e-03  1.66940032e-02 -1.80893699e-02 3.00000000e-03  1.42936186e-02 -2.00524653e-02 3.00000000e-03
Q 4  1.64561700e-02 -1.78335524e-02 3.00000000e-03  1.85878458e-02 -1.55833071e-02 3.00000000e-03  1.88419369e-02 -1.58240097e-02 3.00000000e-03  1.67102610e-02 -1.80742550e-02 3.00000000e-03
Q 4  1.85736322e-02 -1.56003586e-02 3.00000000e-03  2.04025345e-02 -1.30993947e-02 3.00000000e-03  2.06850528e-02 -1.33059943e-02 3.00000000e-03  1.88561505e-02 -1.58069582e-02 3.00000000e-03
Q 4  2.03905939e-02 -1.31181083e-02 3.00000000e-03  2.18875562e-02 -1.04068595e-02 3.00000000e-03  2.21939558e-02 -1.05760320e-02 3.00000000e-03  2.06969934e-02 -1.32872807e-02 3.00000000e-03
Q 4  2.18780807e-02 -1.04269342e-02 3.00000000e-03  2.30192999e-02 -7.54918331e-03 3.00000000e-03  2.33446505e-02 -7.67820643e-03 3.00000000e-03  2.22034313e-02 -1.05559573e-02 3.00000000e-03
Q 4  2.30124419e-02 -7.57029602e-03 3.00000000e-03  2.37798564e-02 -4.57246767e-03 3.00000000e-03  2.41189230e-02 -4.65926537e-03 3.00000000e-03  2.33515085e-02 -7.65709372e-03 3.00000000e-03
Q 4  2.37757263e-02 -4.59427869e-03 3.00000000e-03  2.41573022e-02 -1.52469053e-03 3.00000000e-03  2.45046289e-02 -1.56786619e-03 3.00000000e-03  2.41230531e-02 -4.63745435e-03 3.00000000e-03
Q 4  2.41559665e-02 -1.54684892e-03 3.00000000e-03  2.41458858e-02 1.54506716e-03 3.00000000e-03  2.44958840e-02 1.54620828e-03 3.00000000e-03  2.45059646e-02 -1.54570780e-03 3.00000000e-03
Q 4  2.41473660e-02 1.52291796e-03 3.00000000e-03  2.37461154e-02 4.58741188e-03 3.00000000e-03  2.40931532e-02 4.63285140e-03 3.00000000e-03  2.44944038e-02 1.56835748e-03 3.00000000e-03
Q 4  2.37503876e-02 4.56562825e-03 3.00000000e-03  2.29647451e-02 7.55343222e-03 3.00000000e-03  2.33032385e-02 7.64243900e-03 3.00000000e-03  2.40888810e-02 4.65463503e-03 3.00000000e-03
Q 4  2.29717406e-02 7.53236468e-03 3.00000000e-03  2.18146615e-02 1.03954853e-02 3.00000000e-03  2.21391639e-02 1.05266271e-02 3.00000000e-03  2.32962430e-02 7.66350654e-03 3.00000000e-03
Q 4  2.18242678e-02 1.03754728e-02 3.00000000e-03  2.03146711e-02 1.30679620e-02 3.00000000e-03  2.06199610e-02 1.32391287e-02 3.00000000e-03  2.21295577e-02 1.05466396e-02 3.00000000e-03
Q 4  2.03267335e-02 1.30493266e-02 3.00000000e-03  1.84891927e-02 1.55280188e-02 3.00000000e-03  1.87703578e-02 1.57364563e-02 3.00000000e-03  2.06078986e-02 1.32577641e-02 3.00000000e-03
Q 4  1.85035172e-02 1.55110604e-02 3.00000000e-03  1.63678602e-02 1.77362650e-02 3.00000000e-03  1.66203764e-02 1.79786193e-02 3.00000000e-03  1.87560334e-02 1.57534147e-02 3.00000000e-03
Q 4  1.63842163e-02 1.77212564e-02 3.00000000e-03  1.39850415e-02 1.96573928e-02 3.00000000e-03  1.42048455e-02 1.99297642e-02 3.00000000e-03  1.66040203e-02 1.79936278e-02 3.00000000e-03
Q 4  1.40031659e-02 1.96445756e-02 3.00000000e-03  1.13792814e-02 2.12607424e-02 3.00000000e-03  1.15628365e-02 2.15587484e-02 3.00000000e-03  1.41867210e-02 1.99425815e-02 3.00000000e-03
Q 4  1.13988826e-02 2.12503227e-02 3.00000000e-03  8.59267869e-03 2.25207910e-02 3.00000000e-03  8.73703129e-03 2.28396363e-02 3.00000000e-03  1.15432352e-02 2.15691680e-02 3.00000000e-03
Q 4  8.61344129e-03 2.25129365e-02 3.00000000e-03  5.67020562e-03 2.34175589e-02 3.00000000e-03  5.77303302e-03 2.37521132e-02 3.00000000e-03  8.71626869e-03 2.28474908e-02 3.00000000e-03
Q 4  5.69179551e-03 2.34123961e-02 3.00000000e-03  2.65898217e-03 2.39369267e-02 3.00000000e-03  2.71862979e-03 2.42818067e-02 3.00000000e-03  5.75144313e-03 2.37572760e-02 3.00000000e-03
Q 4  2.68105195e-03 2.39345386e-02 3.00000000e-03  -3.92483624e-04 2.40708570e-02 3.00000000e-03  -3.76975556e-04 2.44205133e-02 3.00000000e-03  2.69656001e-03 2.42841948e-02 3.00000000e-03
Q 4  -3.70289081e-04 2.40712819e-02 3.00000000e-03  -3.43507710e-03 2.38175188e-02 3.00000000e-03  -3.46395812e-03 2.41663252e-02 3.00000000e-03  -3.99170099e-04 2.44200883e-02 3.00000000e-03
Q 4  -3.41311492e-03 2.38207500e-02 3.00000000e-03  -6.41986753e-03 2.31813118e-02 3.00000000e-03  -6.49267291e-03 2.35236558e-02 3.00000000e-03  -3.48592030e-03 2.41630940e-02 3.00000000e-03
Q 4  -6.39849109e-03 2.31872973e-02 3.00000000e-03  -9.29889493e-03 2.21727904e-02 3.00000000e-03  -9.41445319e-03 2.25031634e-02 3.00000000e-03  -6.51404935e-03 2.35176703e-02 3.00000000e-03
Q 4  -9.27844820e-03 2.21814339e-02 3.00000000e-03  -1.20259408e-02 2.08084886e-02 3.00000000e-03  -1.21823925e-02 2.11215747e-02 3.00000000e-03  -9.43489992e-03 2.24945199e-02 3.00000000e-03
Q 4  -1.20067528e-02 2.08196510e-02 3.00000000e-03  -1.45572700e-02 1.91106492e-02 3.00000000e-03  -1.47520978e-02 1.94014105e-02 3.00000000e-03  -1.22015806e-02 2.11104123e-02 3.00000000e-03
Q 4  -1.45396495e-02 1.91241509e-02 3.00000000e-03  -1.68523323e-02 1.71068612e-02 3.00000000e-03  -1.70824011e-02 1.73706192e-02 3.00000000e-03  -1.47697184e-02 1.93879089e-02 3.00000000e-03
Q 4  -1.68365627e-02 1.71224848e-02 3.00000000e-03  -1.88744115e-02 1.48296113e-02 3.00000000e-03  -1.91360196e-02 1.50621221e-02 3.00000000e-03  -1.70981707e-02 1.73549956e-02 3.00000000e-03
Q 4  -1.88607467e-02 1.48471056e-02 3.00000000e-03  -2.05912136e-02 1.23157578e-02 3.00000000e-03  -2.08801513e-02 1.25132799e-02 3.00000000e-03  -1.91496844e-02 1.50446278e-02 3.00000000e-03
Q 4  -2.05798734e-02 1.23348413e-02 3.00000000e-03  -2.19753817e-02 9.60593340e-03 3.00000000e-03  -2.22869999e-02 9.76528866e-03 3.00000000e-03  -2.08914916e-02 1.24941965e-02 3.00000000e-03
Q 4  -2.19665485e-02 9.62629891e-03 3.00000000e-03  -2.30049324e-02 6.74388883e-03 3.00000000e-03  -2.33342169e-02 6.86251307e-03 3.00000000e-03  -2.22958331e-02 9.74492315e-03 3.00000000e-03
Q 4  -2.29987485e-02 6.76520871e-03 3.00000000e-03  -2.36636047e-02 3.77578640e-03 3.00000000e-03  -2.40052570e-02 3.85177088e-03 3.00000000e-03  -2.33404008e-02 6.84119319e-03 3.00000000e-03
Q 4  -2.36601694e-02 3.79771760e-03 3.00000000e-03  -2.39411166e-02 7.49455479e-04 3.00000000e-03  -2.42896395e-02 7.81577561e-04 3.00000000e-03  -2.40086923e-02 3.82983968e-03 3.00000000e-03
Q 4  -2.39404854e-02 7.71645116e-04 3.00000000e-03  -2.38333260e-02 -2.28637832e-03 3.00000000e-03  -2.41831113e-02 -2.29863552e-03 3.00000000e-03  -2.42902707e-02 7.59387924e-04 3.00000000e-03
Q 4  -2.38355089e-02 -2.26428730e-03 3.00000000e-03  -2.33422914e-02 -5.28287761e-03 3.00000000e-03  -2.36877109e-02 -5.33931685e-03 3.00000000e-03  -2.41809284e-02 -2.32072654e-03 3.00000000e-03
Q 4  -2.33472534e-02 -5.26124066e-03 3.00000000e-03  -2.24762341e-02 -8.19187883e-03 3.00000000e-03  -2.28117297e-02 -8.29159197e-03 3.00000000e-03  -2.36827490e-02 -5.36095380e-03 3.00000000e-03
Q 4  -2.24838952e-02 -8.17104411e-03 3.00000000e-03  -2.12494005e-02 -1.09666665e-02 3.00000000e-03  -2.15695739e-02 -1.11080491e-02 3.00000000e-03  -2.28040686e-02 -8.31242669e-03 3.00000000e-03
Q 4  -2.12596376e-02 -1.09469692e-02 3.00000000e-03  -1.96818281e-02 -1.35627233e-02 3.00000000e-03  -1.99815273e-02 -1.37435003e-02 3.00000000e-03  -2.15593368e-02 -1.11277463e-02 3.00000000e-03
Q 4  -1.96944763e-02 -1.35444804e-02 3.00000000e-03  -1.77990179e-02 -1.59384443e-02 3.00000000e-03  -1.80734207e-02 -1.61557070e-02 3.00000000e-03  -1.99688791e-02 -1.37617432e-02 3.00000000e-03
Q 4  -1.78138738e-02 -1.59219494e-02 3.00000000e-03  -1.56315201e-02 -1.80558039e-02 3.00000000e-03  -1.58762111e-02 -1.83060563e-02 3.00000000e-03  -1.80585648e-02 -1.61722019e-02 3.00000000e-03
Q 4  -1.56483446e-02 -1.80413224e-02 3.00000000e-03  -1.32144381e-02 -1.98809641e-02 3.00000000e-03  -1.34254801e-02 -2.01601796e-02 3.00000000e-03  -1.58593866e-02 -1.83205378e-02 3.00000000e-03
Q 4  -1.32329606e-02 -1.98687290e-02 3.00000000e-03  -1.05868602e-02 -2.13848156e-02 3.00000000e-03  -1.07608573e-02 -2.16885013e-02 3.00000000e-03  -1.34069577e-02 -2.01724147e-02 3.00000000e-03
Q 4  -1.06067825e-02 -2.13750237e-02 3.00000000e-03  -7.79122713e-03 -2.25434418e-02 3.00000000e-03  -7.92537963e-03 -2.28667112e-02 3.00000000e-03  -1.07409350e-02 -2.16982931e-02 3.00000000e-03
Q 4  -7.81222874e-03 -2.25362508e-02 3.00000000e-03  -4.87264712e-03 -2.33384992e-02 3.00000000e-03  -4.96479640e-03 -2.36761506e-02 3.00000000e-03  -7.90437802e-03 -2.28739022e-02 3.00000000e-03
Q 4  -4.89439010e-03 -2.33340247e-02 3.00000000e-03  -1.87816762e-03 -2.37575077e-02 3.00000000e-03  -1.92683094e-03 -2.41041081e-02 3.00000000e-03  -4.94305342e-03 -2.36806251e-02 3.00000000e-03
Q 4  -1.90030212e-03 -2.37558217e-02 3.00000000e-03  1.14398291e-03 -2.37940463e-02 3.00000000e-03  1.13958859e-03 -2.41440188e-02 3.00000000e-03  -1.90469644e-03 -2.41057941e-02 3.00000000e-03
Q 4  1.12181306e-03 -2.37951760e-02 3.00000000e-03  4.14517179e-03 -2.34478517e-02 3.00000000e-03  4.18511717e-03 -2.37955647e-02 3.00000000e-03  1.16175844e-03 -2.41428891e-02 3.00000000e-03
Q 4  4.12332331e-03 -2.34517788e-02 3.00000000e-03  7.07714475e-03 -2.27248164e-02 3.00000000e-03  7.16078709e-03 -2.30646752e-02 3.00000000e-03  4.20696565e-03 -2.37916376e-02 3.00000000e-03
Q 4  7.05596921e-03 -2.27314779e-02 3.00000000e-03  9.89280173e-03 -2.16368898e-02 3.00000000e-03  1.00187952e-02 -2.19634256e-02 3.00000000e-03  7.18196263e-03 -2.30580137e-02 3.00000000e-03
Q 4  9.87263985e-03 -2.16461783e-02 3.00000000e-03  1.25469535e-02 -2.02018799e-02 3.00000000e-03  1.27132707e-02 -2.05098387e-02 3.00000000e-03  1.00389570e-02 -2.19541371e-02 3.00000000e-03
Q 4  1.25281297e-02 -2.02136461e-02 3.00000000e-03  1.49970471e-02 -1.84431627e-02 3.00000000e-03  1.52010119e-02 -1.87275891e-02 3.00000000e-03  1.27320945e-02 -2.04980725e-02 3.00000000e-03
Q 4  1.49798642e-02 -1.84572172e-02 3.00000000e-03  1.72038476e-02 -1.63893007e-02 3.00000000e-03  1.74421781e-02 -1.66456181e-02 3.00000000e-03  1.52181947e-02 -1.87135346e-02 3.00000000e-03
Q 4  1.71885822e-02 -1.64054173e-02 3.00000000e-03  1.91320670e-02 -1.40735796e-02 3.00000000e-03  1.94009282e-02 -1.42976637e-02 3.00000000e-03  1.74574434e-02 -1.66295014e-02 3.00000000e-03
Q 4  1.91189647e-02 -1.40914991e-02 3.00000000e-03  2.07509280e-02 -1.15334689e-02 3.00000000e-03  2.10459938e-02 -1.17217139e-02 3.00000000e-03  1.94140305e-02 -1.42797442e-02 3.00000000e-03
Q 4  2.07401997e-02 -1.15529029e-02 3.00000000e-03  2.20346555e-02 -8.81001512e-03 3.00000000e-03  2.23511780e-02 -8.95939214e-03 3.00000000e-03  2.10567222e-02 -1.17022799e-02 3.00000000e-03
Q 4  2.20264737e-02 -8.83065091e-03 3.00000000e-03  2.29628867e-02 -5.94717917e-03 3.00000000e-03  2.32957729e-02 -6.05528461e-03 3.00000000e-03  2.23593599e-02 -8.93875635e-03 3.00000000e-03
Q 4  2.29573830e-02 -5.96868472e-03 3.00000000e-03  2.35209942e-02 -2.99112637e-03 3.00000000e-03  2.38648876e-02 -3.05622071e-03 3.00000000e-03  2.33012765e-02 -6.03377906e-03 3.00000000e-03
Q 4  2.35182573e-02 -3.01315562e-03 3.00000000e-03  2.37003164e-02 1.05179165e-05 3.00000000e-03  2.40496836e-02 -1.05179165e-05 3.00000000e-03  2.38676245e-02 -3.03419146e-03 3.00000000e-03
